sampleDate,site,sampleTime,dissolvedOxygen,Temperature,salinity,conductivity,waterDepth,coordN,coordW,speciesName,Length,Count,siteComment,observers,dateId,obsId,lengthId,specObsId,modDate
6/7/2021,CI_1,12:22,9.989999771,25.5,31.29999924,48.04000092,.95,37.31586,75.7877,Bay Anchovy,7,2,Wavy; Substrate feels bare underfoot,"Kinsey Tedford, Jonah Morreale, David Lee, Libby Bieri, Hayley Marshall",48,232,2522,449,10/11/2021
6/7/2021,CI_1,12:22,9.989999771,25.5,31.29999924,48.04000092,.95,37.31586,75.7877,Silversides,11,1,Wavy; Substrate feels bare underfoot,"Kinsey Tedford, Jonah Morreale, David Lee, Libby Bieri, Hayley Marshall",48,232,2531,450,10/11/2021
6/7/2021,CI_1,12:22,9.989999771,25.5,31.29999924,48.04000092,.95,37.31586,75.7877,Silversides,10.5,2,Wavy; Substrate feels bare underfoot,"Kinsey Tedford, Jonah Morreale, David Lee, Libby Bieri, Hayley Marshall",48,232,2530,450,10/11/2021
6/7/2021,CI_1,12:22,9.989999771,25.5,31.29999924,48.04000092,.95,37.31586,75.7877,Silversides,10,3,Wavy; Substrate feels bare underfoot,"Kinsey Tedford, Jonah Morreale, David Lee, Libby Bieri, Hayley Marshall",48,232,2529,450,10/11/2021
6/7/2021,CI_1,12:22,9.989999771,25.5,31.29999924,48.04000092,.95,37.31586,75.7877,Silversides,9.5,3,Wavy; Substrate feels bare underfoot,"Kinsey Tedford, Jonah Morreale, David Lee, Libby Bieri, Hayley Marshall",48,232,2528,450,10/11/2021
6/7/2021,CI_1,12:22,9.989999771,25.5,31.29999924,48.04000092,.95,37.31586,75.7877,Silversides,9,1,Wavy; Substrate feels bare underfoot,"Kinsey Tedford, Jonah Morreale, David Lee, Libby Bieri, Hayley Marshall",48,232,2527,450,10/11/2021
6/7/2021,CI_1,12:22,9.989999771,25.5,31.29999924,48.04000092,.95,37.31586,75.7877,Bay Anchovy,1.5,1,Wavy; Substrate feels bare underfoot,"Kinsey Tedford, Jonah Morreale, David Lee, Libby Bieri, Hayley Marshall",48,232,2518,449,10/11/2021
6/7/2021,CI_1,12:22,9.989999771,25.5,31.29999924,48.04000092,.95,37.31586,75.7877,Silversides,12.5,1,Wavy; Substrate feels bare underfoot,"Kinsey Tedford, Jonah Morreale, David Lee, Libby Bieri, Hayley Marshall",48,232,2532,450,10/11/2021
6/7/2021,CI_1,12:22,9.989999771,25.5,31.29999924,48.04000092,.95,37.31586,75.7877,Bay Anchovy,6.5,3,Wavy; Substrate feels bare underfoot,"Kinsey Tedford, Jonah Morreale, David Lee, Libby Bieri, Hayley Marshall",48,232,2521,449,10/11/2021
6/7/2021,CI_1,12:22,9.989999771,25.5,31.29999924,48.04000092,.95,37.31586,75.7877,Bay Anchovy,1,1,Wavy; Substrate feels bare underfoot,"Kinsey Tedford, Jonah Morreale, David Lee, Libby Bieri, Hayley Marshall",48,232,2517,449,10/11/2021
6/7/2021,CI_1,12:22,9.989999771,25.5,31.29999924,48.04000092,.95,37.31586,75.7877,Bay Anchovy,7.5,1,Wavy; Substrate feels bare underfoot,"Kinsey Tedford, Jonah Morreale, David Lee, Libby Bieri, Hayley Marshall",48,232,2523,449,10/11/2021
6/7/2021,CI_1,12:22,9.989999771,25.5,31.29999924,48.04000092,.95,37.31586,75.7877,Bay Anchovy,8,1,Wavy; Substrate feels bare underfoot,"Kinsey Tedford, Jonah Morreale, David Lee, Libby Bieri, Hayley Marshall",48,232,2524,449,10/11/2021
6/7/2021,CI_1,12:22,9.989999771,25.5,31.29999924,48.04000092,.95,37.31586,75.7877,Bay Anchovy,10,1,Wavy; Substrate feels bare underfoot,"Kinsey Tedford, Jonah Morreale, David Lee, Libby Bieri, Hayley Marshall",48,232,2525,449,10/11/2021
6/7/2021,CI_1,12:22,9.989999771,25.5,31.29999924,48.04000092,.95,37.31586,75.7877,Bay Anchovy,10.5,1,Wavy; Substrate feels bare underfoot,"Kinsey Tedford, Jonah Morreale, David Lee, Libby Bieri, Hayley Marshall",48,232,2526,449,10/11/2021
6/7/2021,CI_1,12:22,9.989999771,25.5,31.29999924,48.04000092,.95,37.31586,75.7877,Pipefish,19.5,1,Wavy; Substrate feels bare underfoot,"Kinsey Tedford, Jonah Morreale, David Lee, Libby Bieri, Hayley Marshall",48,232,2534,451,10/11/2021
6/7/2021,CI_1,12:22,9.989999771,25.5,31.29999924,48.04000092,.95,37.31586,75.7877,Pipefish,23.5,1,Wavy; Substrate feels bare underfoot,"Kinsey Tedford, Jonah Morreale, David Lee, Libby Bieri, Hayley Marshall",48,232,2533,451,10/11/2021
6/7/2021,CI_1,12:22,9.989999771,25.5,31.29999924,48.04000092,.95,37.31586,75.7877,Bay Anchovy,5.5,1,Wavy; Substrate feels bare underfoot,"Kinsey Tedford, Jonah Morreale, David Lee, Libby Bieri, Hayley Marshall",48,232,2520,449,10/11/2021
6/7/2021,CI_1,12:22,9.989999771,25.5,31.29999924,48.04000092,.95,37.31586,75.7877,Bay Anchovy,6,1,Wavy; Substrate feels bare underfoot,"Kinsey Tedford, Jonah Morreale, David Lee, Libby Bieri, Hayley Marshall",48,232,2519,449,10/11/2021
6/7/2021,CI_2,11:40,11.07999992,26.70000076,31.70000076,48.79999924,.62,37.32325,75.78714,Bay Anchovy,9,1,,"Kinsey Tedford, Jonah Morreale, David Lee, Libby Bieri, Hayley Marshall",48,233,2542,452,10/11/2021
6/7/2021,CI_2,11:40,11.07999992,26.70000076,31.70000076,48.79999924,.62,37.32325,75.78714,Croaker,6,1,,"Kinsey Tedford, Jonah Morreale, David Lee, Libby Bieri, Hayley Marshall",48,233,2570,455,10/11/2021
6/7/2021,CI_2,11:40,11.07999992,26.70000076,31.70000076,48.79999924,.62,37.32325,75.78714,Croaker,5,1,,"Kinsey Tedford, Jonah Morreale, David Lee, Libby Bieri, Hayley Marshall",48,233,2571,455,10/11/2021
6/7/2021,CI_2,11:40,11.07999992,26.70000076,31.70000076,48.79999924,.62,37.32325,75.78714,Croaker,3,1,,"Kinsey Tedford, Jonah Morreale, David Lee, Libby Bieri, Hayley Marshall",48,233,2562,455,10/11/2021
6/7/2021,CI_2,11:40,11.07999992,26.70000076,31.70000076,48.79999924,.62,37.32325,75.78714,Bay Anchovy,1.5,16,,"Kinsey Tedford, Jonah Morreale, David Lee, Libby Bieri, Hayley Marshall",48,233,2536,452,10/11/2021
6/7/2021,CI_2,11:40,11.07999992,26.70000076,31.70000076,48.79999924,.62,37.32325,75.78714,Bay Anchovy,2,40,,"Kinsey Tedford, Jonah Morreale, David Lee, Libby Bieri, Hayley Marshall",48,233,2537,452,10/11/2021
6/7/2021,CI_2,11:40,11.07999992,26.70000076,31.70000076,48.79999924,.62,37.32325,75.78714,Bay Anchovy,2.5,27,,"Kinsey Tedford, Jonah Morreale, David Lee, Libby Bieri, Hayley Marshall",48,233,2538,452,10/11/2021
6/7/2021,CI_2,11:40,11.07999992,26.70000076,31.70000076,48.79999924,.62,37.32325,75.78714,Bay Anchovy,3,19,,"Kinsey Tedford, Jonah Morreale, David Lee, Libby Bieri, Hayley Marshall",48,233,2539,452,10/11/2021
6/7/2021,CI_2,11:40,11.07999992,26.70000076,31.70000076,48.79999924,.62,37.32325,75.78714,Silver Perch,8.5,1,,"Kinsey Tedford, Jonah Morreale, David Lee, Libby Bieri, Hayley Marshall",48,233,2548,453,10/11/2021
6/7/2021,CI_2,11:40,11.07999992,26.70000076,31.70000076,48.79999924,.62,37.32325,75.78714,Bay Anchovy,4,2,,"Kinsey Tedford, Jonah Morreale, David Lee, Libby Bieri, Hayley Marshall",48,233,2541,452,10/11/2021
6/7/2021,CI_2,11:40,11.07999992,26.70000076,31.70000076,48.79999924,.62,37.32325,75.78714,Bay Anchovy,1,5,,"Kinsey Tedford, Jonah Morreale, David Lee, Libby Bieri, Hayley Marshall",48,233,2535,452,10/11/2021
6/7/2021,CI_2,11:40,11.07999992,26.70000076,31.70000076,48.79999924,.62,37.32325,75.78714,Pipefish,19,1,,"Kinsey Tedford, Jonah Morreale, David Lee, Libby Bieri, Hayley Marshall",48,233,2551,454,10/11/2021
6/7/2021,CI_2,11:40,11.07999992,26.70000076,31.70000076,48.79999924,.62,37.32325,75.78714,Pipefish,2.5,1,,"Kinsey Tedford, Jonah Morreale, David Lee, Libby Bieri, Hayley Marshall",48,233,2550,454,10/11/2021
6/7/2021,CI_2,11:40,11.07999992,26.70000076,31.70000076,48.79999924,.62,37.32325,75.78714,Pipefish,4.5,1,,"Kinsey Tedford, Jonah Morreale, David Lee, Libby Bieri, Hayley Marshall",48,233,2549,454,10/11/2021
6/7/2021,CI_2,11:40,11.07999992,26.70000076,31.70000076,48.79999924,.62,37.32325,75.78714,Silver Perch,2.5,1,,"Kinsey Tedford, Jonah Morreale, David Lee, Libby Bieri, Hayley Marshall",48,233,2543,453,10/11/2021
6/7/2021,CI_2,11:40,11.07999992,26.70000076,31.70000076,48.79999924,.62,37.32325,75.78714,Silver Perch,3,2,,"Kinsey Tedford, Jonah Morreale, David Lee, Libby Bieri, Hayley Marshall",48,233,2544,453,10/11/2021
6/7/2021,CI_2,11:40,11.07999992,26.70000076,31.70000076,48.79999924,.62,37.32325,75.78714,Silver Perch,3.5,2,,"Kinsey Tedford, Jonah Morreale, David Lee, Libby Bieri, Hayley Marshall",48,233,2545,453,10/11/2021
6/7/2021,CI_2,11:40,11.07999992,26.70000076,31.70000076,48.79999924,.62,37.32325,75.78714,Silver Perch,4,4,,"Kinsey Tedford, Jonah Morreale, David Lee, Libby Bieri, Hayley Marshall",48,233,2546,453,10/11/2021
6/7/2021,CI_2,11:40,11.07999992,26.70000076,31.70000076,48.79999924,.62,37.32325,75.78714,Silver Perch,7,1,,"Kinsey Tedford, Jonah Morreale, David Lee, Libby Bieri, Hayley Marshall",48,233,2547,453,10/11/2021
6/7/2021,CI_2,11:40,11.07999992,26.70000076,31.70000076,48.79999924,.62,37.32325,75.78714,Bay Anchovy,3.5,4,,"Kinsey Tedford, Jonah Morreale, David Lee, Libby Bieri, Hayley Marshall",48,233,2540,452,10/11/2021
6/7/2021,CI_2,11:40,11.07999992,26.70000076,31.70000076,48.79999924,.62,37.32325,75.78714,Croaker,3,1,,"Kinsey Tedford, Jonah Morreale, David Lee, Libby Bieri, Hayley Marshall",48,233,2565,455,10/11/2021
6/7/2021,CI_2,11:40,11.07999992,26.70000076,31.70000076,48.79999924,.62,37.32325,75.78714,Croaker,2.5,1,,"Kinsey Tedford, Jonah Morreale, David Lee, Libby Bieri, Hayley Marshall",48,233,2569,455,10/11/2021
6/7/2021,CI_2,11:40,11.07999992,26.70000076,31.70000076,48.79999924,.62,37.32325,75.78714,Pipefish,16.5,1,,"Kinsey Tedford, Jonah Morreale, David Lee, Libby Bieri, Hayley Marshall",48,233,2555,454,10/11/2021
6/7/2021,CI_2,11:40,11.07999992,26.70000076,31.70000076,48.79999924,.62,37.32325,75.78714,Pipefish,17.5,1,,"Kinsey Tedford, Jonah Morreale, David Lee, Libby Bieri, Hayley Marshall",48,233,2554,454,10/11/2021
6/7/2021,CI_2,11:40,11.07999992,26.70000076,31.70000076,48.79999924,.62,37.32325,75.78714,Croaker,3,1,,"Kinsey Tedford, Jonah Morreale, David Lee, Libby Bieri, Hayley Marshall",48,233,2564,455,10/11/2021
6/7/2021,CI_2,11:40,11.07999992,26.70000076,31.70000076,48.79999924,.62,37.32325,75.78714,Croaker,3,1,,"Kinsey Tedford, Jonah Morreale, David Lee, Libby Bieri, Hayley Marshall",48,233,2556,455,10/11/2021
6/7/2021,CI_2,11:40,11.07999992,26.70000076,31.70000076,48.79999924,.62,37.32325,75.78714,Croaker,3.5,1,,"Kinsey Tedford, Jonah Morreale, David Lee, Libby Bieri, Hayley Marshall",48,233,2566,455,10/11/2021
6/7/2021,CI_2,11:40,11.07999992,26.70000076,31.70000076,48.79999924,.62,37.32325,75.78714,Croaker,3,1,,"Kinsey Tedford, Jonah Morreale, David Lee, Libby Bieri, Hayley Marshall",48,233,2567,455,10/11/2021
6/7/2021,CI_2,11:40,11.07999992,26.70000076,31.70000076,48.79999924,.62,37.32325,75.78714,Pipefish,19,1,,"Kinsey Tedford, Jonah Morreale, David Lee, Libby Bieri, Hayley Marshall",48,233,2552,454,10/11/2021
6/7/2021,CI_2,11:40,11.07999992,26.70000076,31.70000076,48.79999924,.62,37.32325,75.78714,Croaker,3,1,,"Kinsey Tedford, Jonah Morreale, David Lee, Libby Bieri, Hayley Marshall",48,233,2557,455,10/11/2021
6/7/2021,CI_2,11:40,11.07999992,26.70000076,31.70000076,48.79999924,.62,37.32325,75.78714,Croaker,2,1,,"Kinsey Tedford, Jonah Morreale, David Lee, Libby Bieri, Hayley Marshall",48,233,2558,455,10/11/2021
6/7/2021,CI_2,11:40,11.07999992,26.70000076,31.70000076,48.79999924,.62,37.32325,75.78714,Croaker,1,1,,"Kinsey Tedford, Jonah Morreale, David Lee, Libby Bieri, Hayley Marshall",48,233,2559,455,10/11/2021
6/7/2021,CI_2,11:40,11.07999992,26.70000076,31.70000076,48.79999924,.62,37.32325,75.78714,Croaker,4,1,,"Kinsey Tedford, Jonah Morreale, David Lee, Libby Bieri, Hayley Marshall",48,233,2560,455,10/11/2021
6/7/2021,CI_2,11:40,11.07999992,26.70000076,31.70000076,48.79999924,.62,37.32325,75.78714,Pipefish,18,1,,"Kinsey Tedford, Jonah Morreale, David Lee, Libby Bieri, Hayley Marshall",48,233,2553,454,10/11/2021
6/7/2021,CI_2,11:40,11.07999992,26.70000076,31.70000076,48.79999924,.62,37.32325,75.78714,Croaker,3,1,,"Kinsey Tedford, Jonah Morreale, David Lee, Libby Bieri, Hayley Marshall",48,233,2568,455,10/11/2021
6/7/2021,CI_2,11:40,11.07999992,26.70000076,31.70000076,48.79999924,.62,37.32325,75.78714,Croaker,1.5,1,,"Kinsey Tedford, Jonah Morreale, David Lee, Libby Bieri, Hayley Marshall",48,233,2563,455,10/11/2021
6/7/2021,CI_2,11:40,11.07999992,26.70000076,31.70000076,48.79999924,.62,37.32325,75.78714,Croaker,3,1,,"Kinsey Tedford, Jonah Morreale, David Lee, Libby Bieri, Hayley Marshall",48,233,2561,455,10/11/2021
6/7/2021,CI_3,11:04,9.180000305,25,31.10000038,47.61000061,.74,37.33188,75.79548,Pipefish,19,1,,"Kinsey Tedford, Jonah Morreale, David Lee, Libby Bieri, Hayley Marshall",48,234,2604,458,10/11/2021
6/7/2021,CI_3,11:04,9.180000305,25,31.10000038,47.61000061,.74,37.33188,75.79548,Pipefish,17,1,,"Kinsey Tedford, Jonah Morreale, David Lee, Libby Bieri, Hayley Marshall",48,234,2605,458,10/11/2021
6/7/2021,CI_3,11:04,9.180000305,25,31.10000038,47.61000061,.74,37.33188,75.79548,Pipefish,18,1,,"Kinsey Tedford, Jonah Morreale, David Lee, Libby Bieri, Hayley Marshall",48,234,2606,458,10/11/2021
6/7/2021,CI_3,11:04,9.180000305,25,31.10000038,47.61000061,.74,37.33188,75.79548,Pipefish,10,1,,"Kinsey Tedford, Jonah Morreale, David Lee, Libby Bieri, Hayley Marshall",48,234,2607,458,10/11/2021
6/7/2021,CI_3,11:04,9.180000305,25,31.10000038,47.61000061,.74,37.33188,75.79548,Pipefish,9.5,1,,"Kinsey Tedford, Jonah Morreale, David Lee, Libby Bieri, Hayley Marshall",48,234,2608,458,10/11/2021
6/7/2021,CI_3,11:04,9.180000305,25,31.10000038,47.61000061,.74,37.33188,75.79548,Seahorse,9,1,,"Kinsey Tedford, Jonah Morreale, David Lee, Libby Bieri, Hayley Marshall",48,234,2617,460,10/11/2021
6/7/2021,CI_3,11:04,9.180000305,25,31.10000038,47.61000061,.74,37.33188,75.79548,Pipefish,16.5,1,,"Kinsey Tedford, Jonah Morreale, David Lee, Libby Bieri, Hayley Marshall",48,234,2603,458,10/11/2021
6/7/2021,CI_3,11:04,9.180000305,25,31.10000038,47.61000061,.74,37.33188,75.79548,Pipefish,17,1,,"Kinsey Tedford, Jonah Morreale, David Lee, Libby Bieri, Hayley Marshall",48,234,2609,458,10/11/2021
6/7/2021,CI_3,11:04,9.180000305,25,31.10000038,47.61000061,.74,37.33188,75.79548,Pipefish,17,1,,"Kinsey Tedford, Jonah Morreale, David Lee, Libby Bieri, Hayley Marshall",48,234,2602,458,10/11/2021
6/7/2021,CI_3,11:04,9.180000305,25,31.10000038,47.61000061,.74,37.33188,75.79548,Pipefish,17,1,,"Kinsey Tedford, Jonah Morreale, David Lee, Libby Bieri, Hayley Marshall",48,234,2601,458,10/11/2021
6/7/2021,CI_3,11:04,9.180000305,25,31.10000038,47.61000061,.74,37.33188,75.79548,Pipefish,19.5,1,,"Kinsey Tedford, Jonah Morreale, David Lee, Libby Bieri, Hayley Marshall",48,234,2600,458,10/11/2021
6/7/2021,CI_3,11:04,9.180000305,25,31.10000038,47.61000061,.74,37.33188,75.79548,Pipefish,19,1,,"Kinsey Tedford, Jonah Morreale, David Lee, Libby Bieri, Hayley Marshall",48,234,2598,458,10/11/2021
6/7/2021,CI_3,11:04,9.180000305,25,31.10000038,47.61000061,.74,37.33188,75.79548,Pipefish,20,1,,"Kinsey Tedford, Jonah Morreale, David Lee, Libby Bieri, Hayley Marshall",48,234,2596,458,10/11/2021
6/7/2021,CI_3,11:04,9.180000305,25,31.10000038,47.61000061,.74,37.33188,75.79548,Pipefish,17,1,,"Kinsey Tedford, Jonah Morreale, David Lee, Libby Bieri, Hayley Marshall",48,234,2591,458,10/11/2021
6/7/2021,CI_3,11:04,9.180000305,25,31.10000038,47.61000061,.74,37.33188,75.79548,Pipefish,20,1,,"Kinsey Tedford, Jonah Morreale, David Lee, Libby Bieri, Hayley Marshall",48,234,2590,458,10/11/2021
6/7/2021,CI_3,11:04,9.180000305,25,31.10000038,47.61000061,.74,37.33188,75.79548,Pipefish,19,1,,"Kinsey Tedford, Jonah Morreale, David Lee, Libby Bieri, Hayley Marshall",48,234,2589,458,10/11/2021
6/7/2021,CI_3,11:04,9.180000305,25,31.10000038,47.61000061,.74,37.33188,75.79548,Pipefish,17.5,1,,"Kinsey Tedford, Jonah Morreale, David Lee, Libby Bieri, Hayley Marshall",48,234,2595,458,10/11/2021
6/7/2021,CI_3,11:04,9.180000305,25,31.10000038,47.61000061,.74,37.33188,75.79548,Pipefish,17.5,1,,"Kinsey Tedford, Jonah Morreale, David Lee, Libby Bieri, Hayley Marshall",48,234,2594,458,10/11/2021
6/7/2021,CI_3,11:04,9.180000305,25,31.10000038,47.61000061,.74,37.33188,75.79548,Pipefish,19.5,1,,"Kinsey Tedford, Jonah Morreale, David Lee, Libby Bieri, Hayley Marshall",48,234,2593,458,10/11/2021
6/7/2021,CI_3,11:04,9.180000305,25,31.10000038,47.61000061,.74,37.33188,75.79548,Pipefish,17.5,1,,"Kinsey Tedford, Jonah Morreale, David Lee, Libby Bieri, Hayley Marshall",48,234,2592,458,10/11/2021
6/7/2021,CI_3,11:04,9.180000305,25,31.10000038,47.61000061,.74,37.33188,75.79548,Bay Anchovy,10,1,,"Kinsey Tedford, Jonah Morreale, David Lee, Libby Bieri, Hayley Marshall",48,234,2575,456,10/11/2021
6/7/2021,CI_3,11:04,9.180000305,25,31.10000038,47.61000061,.74,37.33188,75.79548,Pipefish,19.5,1,,"Kinsey Tedford, Jonah Morreale, David Lee, Libby Bieri, Hayley Marshall",48,234,2597,458,10/11/2021
6/7/2021,CI_3,11:04,9.180000305,25,31.10000038,47.61000061,.74,37.33188,75.79548,Pipefish,20.5,1,,"Kinsey Tedford, Jonah Morreale, David Lee, Libby Bieri, Hayley Marshall",48,234,2599,458,10/11/2021
6/7/2021,CI_3,11:04,9.180000305,25,31.10000038,47.61000061,.74,37.33188,75.79548,Croaker,3.5,1,,"Kinsey Tedford, Jonah Morreale, David Lee, Libby Bieri, Hayley Marshall",48,234,2616,459,10/11/2021
6/7/2021,CI_3,11:04,9.180000305,25,31.10000038,47.61000061,.74,37.33188,75.79548,Croaker,7,1,,"Kinsey Tedford, Jonah Morreale, David Lee, Libby Bieri, Hayley Marshall",48,234,2615,459,10/11/2021
6/7/2021,CI_3,11:04,9.180000305,25,31.10000038,47.61000061,.74,37.33188,75.79548,Croaker,3.5,1,,"Kinsey Tedford, Jonah Morreale, David Lee, Libby Bieri, Hayley Marshall",48,234,2614,459,10/11/2021
6/7/2021,CI_3,11:04,9.180000305,25,31.10000038,47.61000061,.74,37.33188,75.79548,Croaker,3,1,,"Kinsey Tedford, Jonah Morreale, David Lee, Libby Bieri, Hayley Marshall",48,234,2613,459,10/11/2021
6/7/2021,CI_3,11:04,9.180000305,25,31.10000038,47.61000061,.74,37.33188,75.79548,Croaker,3,1,,"Kinsey Tedford, Jonah Morreale, David Lee, Libby Bieri, Hayley Marshall",48,234,2612,459,10/11/2021
6/7/2021,CI_3,11:04,9.180000305,25,31.10000038,47.61000061,.74,37.33188,75.79548,Croaker,3.5,1,,"Kinsey Tedford, Jonah Morreale, David Lee, Libby Bieri, Hayley Marshall",48,234,2611,459,10/11/2021
6/7/2021,CI_3,11:04,9.180000305,25,31.10000038,47.61000061,.74,37.33188,75.79548,Croaker,4,1,,"Kinsey Tedford, Jonah Morreale, David Lee, Libby Bieri, Hayley Marshall",48,234,2610,459,10/11/2021
6/7/2021,CI_3,11:04,9.180000305,25,31.10000038,47.61000061,.74,37.33188,75.79548,Striped burrfish,14,1,,"Kinsey Tedford, Jonah Morreale, David Lee, Libby Bieri, Hayley Marshall",48,234,2618,461,10/11/2021
6/7/2021,CI_3,11:04,9.180000305,25,31.10000038,47.61000061,.74,37.33188,75.79548,Bay Anchovy,4,1,,"Kinsey Tedford, Jonah Morreale, David Lee, Libby Bieri, Hayley Marshall",48,234,2572,456,10/11/2021
6/7/2021,CI_3,11:04,9.180000305,25,31.10000038,47.61000061,.74,37.33188,75.79548,Bay Anchovy,9,3,,"Kinsey Tedford, Jonah Morreale, David Lee, Libby Bieri, Hayley Marshall",48,234,2573,456,10/11/2021
6/7/2021,CI_3,11:04,9.180000305,25,31.10000038,47.61000061,.74,37.33188,75.79548,Bay Anchovy,9.5,1,,"Kinsey Tedford, Jonah Morreale, David Lee, Libby Bieri, Hayley Marshall",48,234,2574,456,10/11/2021
6/7/2021,CI_3,11:04,9.180000305,25,31.10000038,47.61000061,.74,37.33188,75.79548,Bay Anchovy,11.5,1,,"Kinsey Tedford, Jonah Morreale, David Lee, Libby Bieri, Hayley Marshall",48,234,2577,456,10/11/2021
6/7/2021,CI_3,11:04,9.180000305,25,31.10000038,47.61000061,.74,37.33188,75.79548,Bay Anchovy,10.5,2,,"Kinsey Tedford, Jonah Morreale, David Lee, Libby Bieri, Hayley Marshall",48,234,2576,456,10/11/2021
6/7/2021,CI_3,11:04,9.180000305,25,31.10000038,47.61000061,.74,37.33188,75.79548,Silver Perch,1.5,1,,"Kinsey Tedford, Jonah Morreale, David Lee, Libby Bieri, Hayley Marshall",48,234,2578,457,10/11/2021
6/7/2021,CI_3,11:04,9.180000305,25,31.10000038,47.61000061,.74,37.33188,75.79548,Silver Perch,9,1,,"Kinsey Tedford, Jonah Morreale, David Lee, Libby Bieri, Hayley Marshall",48,234,2584,457,10/11/2021
6/7/2021,CI_3,11:04,9.180000305,25,31.10000038,47.61000061,.74,37.33188,75.79548,Silver Perch,3.5,1,,"Kinsey Tedford, Jonah Morreale, David Lee, Libby Bieri, Hayley Marshall",48,234,2579,457,10/11/2021
6/7/2021,CI_3,11:04,9.180000305,25,31.10000038,47.61000061,.74,37.33188,75.79548,Silver Perch,4,4,,"Kinsey Tedford, Jonah Morreale, David Lee, Libby Bieri, Hayley Marshall",48,234,2580,457,10/11/2021
6/7/2021,CI_3,11:04,9.180000305,25,31.10000038,47.61000061,.74,37.33188,75.79548,Silver Perch,6.5,2,,"Kinsey Tedford, Jonah Morreale, David Lee, Libby Bieri, Hayley Marshall",48,234,2587,457,10/11/2021
6/7/2021,CI_3,11:04,9.180000305,25,31.10000038,47.61000061,.74,37.33188,75.79548,Silver Perch,7.5,1,,"Kinsey Tedford, Jonah Morreale, David Lee, Libby Bieri, Hayley Marshall",48,234,2586,457,10/11/2021
6/7/2021,CI_3,11:04,9.180000305,25,31.10000038,47.61000061,.74,37.33188,75.79548,Silver Perch,9.5,1,,"Kinsey Tedford, Jonah Morreale, David Lee, Libby Bieri, Hayley Marshall",48,234,2585,457,10/11/2021
6/7/2021,CI_3,11:04,9.180000305,25,31.10000038,47.61000061,.74,37.33188,75.79548,Silver Perch,4.5,1,,"Kinsey Tedford, Jonah Morreale, David Lee, Libby Bieri, Hayley Marshall",48,234,2581,457,10/11/2021
6/7/2021,CI_3,11:04,9.180000305,25,31.10000038,47.61000061,.74,37.33188,75.79548,Silver Perch,7,5,,"Kinsey Tedford, Jonah Morreale, David Lee, Libby Bieri, Hayley Marshall",48,234,2583,457,10/11/2021
6/7/2021,CI_3,11:04,9.180000305,25,31.10000038,47.61000061,.74,37.33188,75.79548,Silver Perch,5.5,1,,"Kinsey Tedford, Jonah Morreale, David Lee, Libby Bieri, Hayley Marshall",48,234,2588,457,10/11/2021
6/7/2021,CI_3,11:04,9.180000305,25,31.10000038,47.61000061,.74,37.33188,75.79548,Silver Perch,5,2,,"Kinsey Tedford, Jonah Morreale, David Lee, Libby Bieri, Hayley Marshall",48,234,2582,457,10/11/2021
6/7/2021,CI_4,13:50,16.5,29.29999924,31.70000076,48.59999847,.26,37.33567,75.78984,Croaker,5,1,,"Kinsey Tedford, Jonah Morreale, David Lee, Libby Bieri, Hayley Marshall",48,235,2628,465,10/11/2021
6/7/2021,CI_4,13:50,16.5,29.29999924,31.70000076,48.59999847,.26,37.33567,75.78984,Silver Perch,4,7,,"Kinsey Tedford, Jonah Morreale, David Lee, Libby Bieri, Hayley Marshall",48,235,2625,463,10/11/2021
6/7/2021,CI_4,13:50,16.5,29.29999924,31.70000076,48.59999847,.26,37.33567,75.78984,Bay Anchovy,2.5,1,,"Kinsey Tedford, Jonah Morreale, David Lee, Libby Bieri, Hayley Marshall",48,235,2620,462,10/11/2021
6/7/2021,CI_4,13:50,16.5,29.29999924,31.70000076,48.59999847,.26,37.33567,75.78984,Bay Anchovy,3,1,,"Kinsey Tedford, Jonah Morreale, David Lee, Libby Bieri, Hayley Marshall",48,235,2621,462,10/11/2021
6/7/2021,CI_4,13:50,16.5,29.29999924,31.70000076,48.59999847,.26,37.33567,75.78984,Pipefish,4,1,,"Kinsey Tedford, Jonah Morreale, David Lee, Libby Bieri, Hayley Marshall",48,235,2626,464,10/11/2021
6/7/2021,CI_4,13:50,16.5,29.29999924,31.70000076,48.59999847,.26,37.33567,75.78984,Silver Perch,3,2,,"Kinsey Tedford, Jonah Morreale, David Lee, Libby Bieri, Hayley Marshall",48,235,2623,463,10/11/2021
6/7/2021,CI_4,13:50,16.5,29.29999924,31.70000076,48.59999847,.26,37.33567,75.78984,Bay Anchovy,4,1,,"Kinsey Tedford, Jonah Morreale, David Lee, Libby Bieri, Hayley Marshall",48,235,2622,462,10/11/2021
6/7/2021,CI_4,13:50,16.5,29.29999924,31.70000076,48.59999847,.26,37.33567,75.78984,Pipefish,10,1,,"Kinsey Tedford, Jonah Morreale, David Lee, Libby Bieri, Hayley Marshall",48,235,2627,464,10/11/2021
6/7/2021,CI_4,13:50,16.5,29.29999924,31.70000076,48.59999847,.26,37.33567,75.78984,Bay Anchovy,1.5,1,,"Kinsey Tedford, Jonah Morreale, David Lee, Libby Bieri, Hayley Marshall",48,235,2619,462,10/11/2021
6/7/2021,CI_4,13:50,16.5,29.29999924,31.70000076,48.59999847,.26,37.33567,75.78984,Silver Perch,3.5,1,,"Kinsey Tedford, Jonah Morreale, David Lee, Libby Bieri, Hayley Marshall",48,235,2624,463,10/11/2021
6/7/2021,CI_5,10:04,9.109999657,24.79999924,31.70000076,48.63000107,.57,37.34310,75.79080,Silver Perch,7.5,1,,"Kinsey Tedford, Jonah Morreale, David Lee, Libby Bieri, Hayley Marshall",48,231,2497,445,10/11/2021
6/7/2021,CI_5,10:04,9.109999657,24.79999924,31.70000076,48.63000107,.57,37.34310,75.79080,Silver Perch,3,1,,"Kinsey Tedford, Jonah Morreale, David Lee, Libby Bieri, Hayley Marshall",48,231,2496,445,10/11/2021
6/7/2021,CI_5,10:04,9.109999657,24.79999924,31.70000076,48.63000107,.57,37.34310,75.79080,Silversides,4,9,,"Kinsey Tedford, Jonah Morreale, David Lee, Libby Bieri, Hayley Marshall",48,231,2500,446,10/11/2021
6/7/2021,CI_5,10:04,9.109999657,24.79999924,31.70000076,48.63000107,.57,37.34310,75.79080,Pipefish,8,1,,"Kinsey Tedford, Jonah Morreale, David Lee, Libby Bieri, Hayley Marshall",48,231,2511,447,10/11/2021
6/7/2021,CI_5,10:04,9.109999657,24.79999924,31.70000076,48.63000107,.57,37.34310,75.79080,Silversides,3,1,,"Kinsey Tedford, Jonah Morreale, David Lee, Libby Bieri, Hayley Marshall",48,231,2499,446,10/11/2021
6/7/2021,CI_5,10:04,9.109999657,24.79999924,31.70000076,48.63000107,.57,37.34310,75.79080,Silversides,2.5,1,,"Kinsey Tedford, Jonah Morreale, David Lee, Libby Bieri, Hayley Marshall",48,231,2498,446,10/11/2021
6/7/2021,CI_5,10:04,9.109999657,24.79999924,31.70000076,48.63000107,.57,37.34310,75.79080,Silversides,4.5,2,,"Kinsey Tedford, Jonah Morreale, David Lee, Libby Bieri, Hayley Marshall",48,231,2501,446,10/11/2021
6/7/2021,CI_5,10:04,9.109999657,24.79999924,31.70000076,48.63000107,.57,37.34310,75.79080,Pipefish,9,1,,"Kinsey Tedford, Jonah Morreale, David Lee, Libby Bieri, Hayley Marshall",48,231,2503,447,10/11/2021
6/7/2021,CI_5,10:04,9.109999657,24.79999924,31.70000076,48.63000107,.57,37.34310,75.79080,Pipefish,8,1,,"Kinsey Tedford, Jonah Morreale, David Lee, Libby Bieri, Hayley Marshall",48,231,2513,447,10/11/2021
6/7/2021,CI_5,10:04,9.109999657,24.79999924,31.70000076,48.63000107,.57,37.34310,75.79080,Pipefish,7,1,,"Kinsey Tedford, Jonah Morreale, David Lee, Libby Bieri, Hayley Marshall",48,231,2514,447,10/11/2021
6/7/2021,CI_5,10:04,9.109999657,24.79999924,31.70000076,48.63000107,.57,37.34310,75.79080,Pipefish,20.5,1,,"Kinsey Tedford, Jonah Morreale, David Lee, Libby Bieri, Hayley Marshall",48,231,2502,447,10/11/2021
6/7/2021,CI_5,10:04,9.109999657,24.79999924,31.70000076,48.63000107,.57,37.34310,75.79080,Pipefish,18,1,,"Kinsey Tedford, Jonah Morreale, David Lee, Libby Bieri, Hayley Marshall",48,231,2504,447,10/11/2021
6/7/2021,CI_5,10:04,9.109999657,24.79999924,31.70000076,48.63000107,.57,37.34310,75.79080,Pipefish,19.5,1,,"Kinsey Tedford, Jonah Morreale, David Lee, Libby Bieri, Hayley Marshall",48,231,2505,447,10/11/2021
6/7/2021,CI_5,10:04,9.109999657,24.79999924,31.70000076,48.63000107,.57,37.34310,75.79080,Pipefish,17,1,,"Kinsey Tedford, Jonah Morreale, David Lee, Libby Bieri, Hayley Marshall",48,231,2506,447,10/11/2021
6/7/2021,CI_5,10:04,9.109999657,24.79999924,31.70000076,48.63000107,.57,37.34310,75.79080,Pipefish,18.5,1,,"Kinsey Tedford, Jonah Morreale, David Lee, Libby Bieri, Hayley Marshall",48,231,2508,447,10/11/2021
6/7/2021,CI_5,10:04,9.109999657,24.79999924,31.70000076,48.63000107,.57,37.34310,75.79080,Pipefish,18.5,1,,"Kinsey Tedford, Jonah Morreale, David Lee, Libby Bieri, Hayley Marshall",48,231,2509,447,10/11/2021
6/7/2021,CI_5,10:04,9.109999657,24.79999924,31.70000076,48.63000107,.57,37.34310,75.79080,Pipefish,9,1,,"Kinsey Tedford, Jonah Morreale, David Lee, Libby Bieri, Hayley Marshall",48,231,2510,447,10/11/2021
6/7/2021,CI_5,10:04,9.109999657,24.79999924,31.70000076,48.63000107,.57,37.34310,75.79080,Croaker,2.5,1,,"Kinsey Tedford, Jonah Morreale, David Lee, Libby Bieri, Hayley Marshall",48,231,2516,448,10/11/2021
6/7/2021,CI_5,10:04,9.109999657,24.79999924,31.70000076,48.63000107,.57,37.34310,75.79080,Pipefish,18,1,,"Kinsey Tedford, Jonah Morreale, David Lee, Libby Bieri, Hayley Marshall",48,231,2507,447,10/11/2021
6/7/2021,CI_5,10:04,9.109999657,24.79999924,31.70000076,48.63000107,.57,37.34310,75.79080,Pipefish,4.5,1,,"Kinsey Tedford, Jonah Morreale, David Lee, Libby Bieri, Hayley Marshall",48,231,2512,447,10/11/2021
6/7/2021,CI_5,10:04,9.109999657,24.79999924,31.70000076,48.63000107,.57,37.34310,75.79080,Croaker,2,1,,"Kinsey Tedford, Jonah Morreale, David Lee, Libby Bieri, Hayley Marshall",48,231,2515,448,10/11/2021
6/7/2021,CI_6x,12:50,11.75,28.10000038,29.10000038,45.22999954,.49,37.31914,75.78286,Pipefish,18.5,1,Shallow,"Kinsey Tedford, Jonah Morreale, David Lee, Libby Bieri, Hayley Marshall",48,236,2648,468,10/11/2021
6/7/2021,CI_6x,12:50,11.75,28.10000038,29.10000038,45.22999954,.49,37.31914,75.78286,Pipefish,18.5,1,Shallow,"Kinsey Tedford, Jonah Morreale, David Lee, Libby Bieri, Hayley Marshall",48,236,2645,468,10/11/2021
6/7/2021,CI_6x,12:50,11.75,28.10000038,29.10000038,45.22999954,.49,37.31914,75.78286,Pipefish,20,1,Shallow,"Kinsey Tedford, Jonah Morreale, David Lee, Libby Bieri, Hayley Marshall",48,236,2653,468,10/11/2021
6/7/2021,CI_6x,12:50,11.75,28.10000038,29.10000038,45.22999954,.49,37.31914,75.78286,Pipefish,17,1,Shallow,"Kinsey Tedford, Jonah Morreale, David Lee, Libby Bieri, Hayley Marshall",48,236,2652,468,10/11/2021
6/7/2021,CI_6x,12:50,11.75,28.10000038,29.10000038,45.22999954,.49,37.31914,75.78286,Pipefish,18,1,Shallow,"Kinsey Tedford, Jonah Morreale, David Lee, Libby Bieri, Hayley Marshall",48,236,2651,468,10/11/2021
6/7/2021,CI_6x,12:50,11.75,28.10000038,29.10000038,45.22999954,.49,37.31914,75.78286,Pipefish,18,1,Shallow,"Kinsey Tedford, Jonah Morreale, David Lee, Libby Bieri, Hayley Marshall",48,236,2649,468,10/11/2021
6/7/2021,CI_6x,12:50,11.75,28.10000038,29.10000038,45.22999954,.49,37.31914,75.78286,Pipefish,17,1,Shallow,"Kinsey Tedford, Jonah Morreale, David Lee, Libby Bieri, Hayley Marshall",48,236,2646,468,10/11/2021
6/7/2021,CI_6x,12:50,11.75,28.10000038,29.10000038,45.22999954,.49,37.31914,75.78286,Pipefish,17,1,Shallow,"Kinsey Tedford, Jonah Morreale, David Lee, Libby Bieri, Hayley Marshall",48,236,2647,468,10/11/2021
6/7/2021,CI_6x,12:50,11.75,28.10000038,29.10000038,45.22999954,.49,37.31914,75.78286,Bay Anchovy,2,39,Shallow,"Kinsey Tedford, Jonah Morreale, David Lee, Libby Bieri, Hayley Marshall",48,236,2636,466,10/11/2021
6/7/2021,CI_6x,12:50,11.75,28.10000038,29.10000038,45.22999954,.49,37.31914,75.78286,Pipefish,19,1,Shallow,"Kinsey Tedford, Jonah Morreale, David Lee, Libby Bieri, Hayley Marshall",48,236,2650,468,10/11/2021
6/7/2021,CI_6x,12:50,11.75,28.10000038,29.10000038,45.22999954,.49,37.31914,75.78286,Pipefish,21,1,Shallow,"Kinsey Tedford, Jonah Morreale, David Lee, Libby Bieri, Hayley Marshall",48,236,2644,468,10/11/2021
6/7/2021,CI_6x,12:50,11.75,28.10000038,29.10000038,45.22999954,.49,37.31914,75.78286,Bay Anchovy,4,6,Shallow,"Kinsey Tedford, Jonah Morreale, David Lee, Libby Bieri, Hayley Marshall",48,236,2640,466,10/11/2021
6/7/2021,CI_6x,12:50,11.75,28.10000038,29.10000038,45.22999954,.49,37.31914,75.78286,Bay Anchovy,3.5,31,Shallow,"Kinsey Tedford, Jonah Morreale, David Lee, Libby Bieri, Hayley Marshall",48,236,2639,466,10/11/2021
6/7/2021,CI_6x,12:50,11.75,28.10000038,29.10000038,45.22999954,.49,37.31914,75.78286,Bay Anchovy,2.5,69,Shallow,"Kinsey Tedford, Jonah Morreale, David Lee, Libby Bieri, Hayley Marshall",48,236,2637,466,10/11/2021
6/7/2021,CI_6x,12:50,11.75,28.10000038,29.10000038,45.22999954,.49,37.31914,75.78286,Pipefish,19,1,Shallow,"Kinsey Tedford, Jonah Morreale, David Lee, Libby Bieri, Hayley Marshall",48,236,2654,468,10/11/2021
6/7/2021,CI_6x,12:50,11.75,28.10000038,29.10000038,45.22999954,.49,37.31914,75.78286,Bay Anchovy,1.5,5,Shallow,"Kinsey Tedford, Jonah Morreale, David Lee, Libby Bieri, Hayley Marshall",48,236,2635,466,10/11/2021
6/7/2021,CI_6x,12:50,11.75,28.10000038,29.10000038,45.22999954,.49,37.31914,75.78286,Silver Perch,4,1,Shallow,"Kinsey Tedford, Jonah Morreale, David Lee, Libby Bieri, Hayley Marshall",48,236,2642,467,10/11/2021
6/7/2021,CI_6x,12:50,11.75,28.10000038,29.10000038,45.22999954,.49,37.31914,75.78286,Silver Perch,3.5,1,Shallow,"Kinsey Tedford, Jonah Morreale, David Lee, Libby Bieri, Hayley Marshall",48,236,2641,467,10/11/2021
6/7/2021,CI_6x,12:50,11.75,28.10000038,29.10000038,45.22999954,.49,37.31914,75.78286,Bay Anchovy,3,128,Shallow,"Kinsey Tedford, Jonah Morreale, David Lee, Libby Bieri, Hayley Marshall",48,236,2638,466,10/11/2021
6/7/2021,SC_1,10:38,8.199999809,25.89999962,31.5,49.18999863,1.2,37.34448,75.80139,Croaker,3.5,1,,"Michael Cornish, Cora Baird, Elise Turrietta, Kay Schlacter, Luana",49,238,2678,472,10/11/2021
6/7/2021,SC_1,10:38,8.199999809,25.89999962,31.5,49.18999863,1.2,37.34448,75.80139,Croaker,6,1,,"Michael Cornish, Cora Baird, Elise Turrietta, Kay Schlacter, Luana",49,238,2677,472,10/11/2021
6/7/2021,SC_1,10:38,8.199999809,25.89999962,31.5,49.18999863,1.2,37.34448,75.80139,Croaker,4.5,1,,"Michael Cornish, Cora Baird, Elise Turrietta, Kay Schlacter, Luana",49,238,2676,472,10/11/2021
6/7/2021,SC_1,10:38,8.199999809,25.89999962,31.5,49.18999863,1.2,37.34448,75.80139,Croaker,6.5,1,,"Michael Cornish, Cora Baird, Elise Turrietta, Kay Schlacter, Luana",49,238,2686,472,10/11/2021
6/7/2021,SC_1,10:38,8.199999809,25.89999962,31.5,49.18999863,1.2,37.34448,75.80139,Croaker,4,1,,"Michael Cornish, Cora Baird, Elise Turrietta, Kay Schlacter, Luana",49,238,2693,472,10/11/2021
6/7/2021,SC_1,10:38,8.199999809,25.89999962,31.5,49.18999863,1.2,37.34448,75.80139,Croaker,5.5,1,,"Michael Cornish, Cora Baird, Elise Turrietta, Kay Schlacter, Luana",49,238,2692,472,10/11/2021
6/7/2021,SC_1,10:38,8.199999809,25.89999962,31.5,49.18999863,1.2,37.34448,75.80139,Croaker,4,1,,"Michael Cornish, Cora Baird, Elise Turrietta, Kay Schlacter, Luana",49,238,2691,472,10/11/2021
6/7/2021,SC_1,10:38,8.199999809,25.89999962,31.5,49.18999863,1.2,37.34448,75.80139,Croaker,3.5,1,,"Michael Cornish, Cora Baird, Elise Turrietta, Kay Schlacter, Luana",49,238,2690,472,10/11/2021
6/7/2021,SC_1,10:38,8.199999809,25.89999962,31.5,49.18999863,1.2,37.34448,75.80139,Croaker,4,5,,"Michael Cornish, Cora Baird, Elise Turrietta, Kay Schlacter, Luana",49,238,2689,472,10/11/2021
6/7/2021,SC_1,10:38,8.199999809,25.89999962,31.5,49.18999863,1.2,37.34448,75.80139,Croaker,5.5,1,,"Michael Cornish, Cora Baird, Elise Turrietta, Kay Schlacter, Luana",49,238,2680,472,10/11/2021
6/7/2021,SC_1,10:38,8.199999809,25.89999962,31.5,49.18999863,1.2,37.34448,75.80139,Croaker,3,1,,"Michael Cornish, Cora Baird, Elise Turrietta, Kay Schlacter, Luana",49,238,2687,472,10/11/2021
6/7/2021,SC_1,10:38,8.199999809,25.89999962,31.5,49.18999863,1.2,37.34448,75.80139,Croaker,3.5,1,,"Michael Cornish, Cora Baird, Elise Turrietta, Kay Schlacter, Luana",49,238,2679,472,10/11/2021
6/7/2021,SC_1,10:38,8.199999809,25.89999962,31.5,49.18999863,1.2,37.34448,75.80139,Croaker,3.5,1,,"Michael Cornish, Cora Baird, Elise Turrietta, Kay Schlacter, Luana",49,238,2685,472,10/11/2021
6/7/2021,SC_1,10:38,8.199999809,25.89999962,31.5,49.18999863,1.2,37.34448,75.80139,Croaker,4,1,,"Michael Cornish, Cora Baird, Elise Turrietta, Kay Schlacter, Luana",49,238,2684,472,10/11/2021
6/7/2021,SC_1,10:38,8.199999809,25.89999962,31.5,49.18999863,1.2,37.34448,75.80139,Croaker,4.5,1,,"Michael Cornish, Cora Baird, Elise Turrietta, Kay Schlacter, Luana",49,238,2683,472,10/11/2021
6/7/2021,SC_1,10:38,8.199999809,25.89999962,31.5,49.18999863,1.2,37.34448,75.80139,Croaker,3,1,,"Michael Cornish, Cora Baird, Elise Turrietta, Kay Schlacter, Luana",49,238,2682,472,10/11/2021
6/7/2021,SC_1,10:38,8.199999809,25.89999962,31.5,49.18999863,1.2,37.34448,75.80139,Croaker,2.5,1,,"Michael Cornish, Cora Baird, Elise Turrietta, Kay Schlacter, Luana",49,238,2681,472,10/11/2021
6/7/2021,SC_1,10:38,8.199999809,25.89999962,31.5,49.18999863,1.2,37.34448,75.80139,Croaker,3.5,1,,"Michael Cornish, Cora Baird, Elise Turrietta, Kay Schlacter, Luana",49,238,2675,472,10/11/2021
6/7/2021,SC_1,10:38,8.199999809,25.89999962,31.5,49.18999863,1.2,37.34448,75.80139,Croaker,4.5,1,,"Michael Cornish, Cora Baird, Elise Turrietta, Kay Schlacter, Luana",49,238,2688,472,10/11/2021
6/7/2021,SC_1,10:38,8.199999809,25.89999962,31.5,49.18999863,1.2,37.34448,75.80139,Pipefish,1,11,,"Michael Cornish, Cora Baird, Elise Turrietta, Kay Schlacter, Luana",49,238,2664,471,10/11/2021
6/7/2021,SC_1,10:38,8.199999809,25.89999962,31.5,49.18999863,1.2,37.34448,75.80139,Croaker,4,1,,"Michael Cornish, Cora Baird, Elise Turrietta, Kay Schlacter, Luana",49,238,2694,472,10/11/2021
6/7/2021,SC_1,10:38,8.199999809,25.89999962,31.5,49.18999863,1.2,37.34448,75.80139,Silversides,8.5,1,,"Michael Cornish, Cora Baird, Elise Turrietta, Kay Schlacter, Luana",49,238,2660,470,10/11/2021
6/7/2021,SC_1,10:38,8.199999809,25.89999962,31.5,49.18999863,1.2,37.34448,75.80139,Pipefish,4.5,1,,"Michael Cornish, Cora Baird, Elise Turrietta, Kay Schlacter, Luana",49,238,2672,471,10/11/2021
6/7/2021,SC_1,10:38,8.199999809,25.89999962,31.5,49.18999863,1.2,37.34448,75.80139,Pipefish,16,1,,"Michael Cornish, Cora Baird, Elise Turrietta, Kay Schlacter, Luana",49,238,2671,471,10/11/2021
6/7/2021,SC_1,10:38,8.199999809,25.89999962,31.5,49.18999863,1.2,37.34448,75.80139,Pipefish,17.5,1,,"Michael Cornish, Cora Baird, Elise Turrietta, Kay Schlacter, Luana",49,238,2670,471,10/11/2021
6/7/2021,SC_1,10:38,8.199999809,25.89999962,31.5,49.18999863,1.2,37.34448,75.80139,Pipefish,17,1,,"Michael Cornish, Cora Baird, Elise Turrietta, Kay Schlacter, Luana",49,238,2669,471,10/11/2021
6/7/2021,SC_1,10:38,8.199999809,25.89999962,31.5,49.18999863,1.2,37.34448,75.80139,Pipefish,16.5,1,,"Michael Cornish, Cora Baird, Elise Turrietta, Kay Schlacter, Luana",49,238,2668,471,10/11/2021
6/7/2021,SC_1,10:38,8.199999809,25.89999962,31.5,49.18999863,1.2,37.34448,75.80139,Pipefish,19,1,,"Michael Cornish, Cora Baird, Elise Turrietta, Kay Schlacter, Luana",49,238,2667,471,10/11/2021
6/7/2021,SC_1,10:38,8.199999809,25.89999962,31.5,49.18999863,1.2,37.34448,75.80139,Silversides,9.5,1,,"Michael Cornish, Cora Baird, Elise Turrietta, Kay Schlacter, Luana",49,238,2659,470,10/11/2021
6/7/2021,SC_1,10:38,8.199999809,25.89999962,31.5,49.18999863,1.2,37.34448,75.80139,Pipefish,5,1,,"Michael Cornish, Cora Baird, Elise Turrietta, Kay Schlacter, Luana",49,238,2665,471,10/11/2021
6/7/2021,SC_1,10:38,8.199999809,25.89999962,31.5,49.18999863,1.2,37.34448,75.80139,Croaker,4.5,1,,"Michael Cornish, Cora Baird, Elise Turrietta, Kay Schlacter, Luana",49,238,2674,472,10/11/2021
6/7/2021,SC_1,10:38,8.199999809,25.89999962,31.5,49.18999863,1.2,37.34448,75.80139,Pipefish,10.5,1,,"Michael Cornish, Cora Baird, Elise Turrietta, Kay Schlacter, Luana",49,238,2663,471,10/11/2021
6/7/2021,SC_1,10:38,8.199999809,25.89999962,31.5,49.18999863,1.2,37.34448,75.80139,Pipefish,18.5,1,,"Michael Cornish, Cora Baird, Elise Turrietta, Kay Schlacter, Luana",49,238,2662,471,10/11/2021
6/7/2021,SC_1,10:38,8.199999809,25.89999962,31.5,49.18999863,1.2,37.34448,75.80139,Pipefish,17.5,1,,"Michael Cornish, Cora Baird, Elise Turrietta, Kay Schlacter, Luana",49,238,2661,471,10/11/2021
6/7/2021,SC_1,10:38,8.199999809,25.89999962,31.5,49.18999863,1.2,37.34448,75.80139,Silversides,10,1,,"Michael Cornish, Cora Baird, Elise Turrietta, Kay Schlacter, Luana",49,238,2657,470,10/11/2021
6/7/2021,SC_1,10:38,8.199999809,25.89999962,31.5,49.18999863,1.2,37.34448,75.80139,Bay Anchovy,5.5,1,,"Michael Cornish, Cora Baird, Elise Turrietta, Kay Schlacter, Luana",49,238,2656,469,10/11/2021
6/7/2021,SC_1,10:38,8.199999809,25.89999962,31.5,49.18999863,1.2,37.34448,75.80139,Bay Anchovy,6,1,,"Michael Cornish, Cora Baird, Elise Turrietta, Kay Schlacter, Luana",49,238,2655,469,10/11/2021
6/7/2021,SC_1,10:38,8.199999809,25.89999962,31.5,49.18999863,1.2,37.34448,75.80139,Striped burrfish,15,1,,"Michael Cornish, Cora Baird, Elise Turrietta, Kay Schlacter, Luana",49,238,2695,473,10/11/2021
6/7/2021,SC_1,10:38,8.199999809,25.89999962,31.5,49.18999863,1.2,37.34448,75.80139,Croaker,6.5,1,,"Michael Cornish, Cora Baird, Elise Turrietta, Kay Schlacter, Luana",49,238,2673,472,10/11/2021
6/7/2021,SC_1,10:38,8.199999809,25.89999962,31.5,49.18999863,1.2,37.34448,75.80139,Pipefish,21,1,,"Michael Cornish, Cora Baird, Elise Turrietta, Kay Schlacter, Luana",49,238,2666,471,10/11/2021
6/7/2021,SC_1,10:38,8.199999809,25.89999962,31.5,49.18999863,1.2,37.34448,75.80139,Silversides,9,4,,"Michael Cornish, Cora Baird, Elise Turrietta, Kay Schlacter, Luana",49,238,2658,470,10/11/2021
6/7/2021,SC_2,11:40,7.619999886,26.5,31.5,49.70000076,1.1,37.35264,75.80156,Pipefish,16,1,1 bay anchovy had 'string parasites',"Michael Cornish, Cora Baird, Elise Turrietta, Kay Schlacter, Luana",49,239,2703,477,10/11/2021
6/7/2021,SC_2,11:40,7.619999886,26.5,31.5,49.70000076,1.1,37.35264,75.80156,Pipefish,3.5,1,1 bay anchovy had 'string parasites',"Michael Cornish, Cora Baird, Elise Turrietta, Kay Schlacter, Luana",49,239,2713,477,10/11/2021
6/7/2021,SC_2,11:40,7.619999886,26.5,31.5,49.70000076,1.1,37.35264,75.80156,Pipefish,21.5,1,1 bay anchovy had 'string parasites',"Michael Cornish, Cora Baird, Elise Turrietta, Kay Schlacter, Luana",49,239,2712,477,10/11/2021
6/7/2021,SC_2,11:40,7.619999886,26.5,31.5,49.70000076,1.1,37.35264,75.80156,Pipefish,3.5,1,1 bay anchovy had 'string parasites',"Michael Cornish, Cora Baird, Elise Turrietta, Kay Schlacter, Luana",49,239,2711,477,10/11/2021
6/7/2021,SC_2,11:40,7.619999886,26.5,31.5,49.70000076,1.1,37.35264,75.80156,Pipefish,19,1,1 bay anchovy had 'string parasites',"Michael Cornish, Cora Baird, Elise Turrietta, Kay Schlacter, Luana",49,239,2710,477,10/11/2021
6/7/2021,SC_2,11:40,7.619999886,26.5,31.5,49.70000076,1.1,37.35264,75.80156,Pipefish,16.5,1,1 bay anchovy had 'string parasites',"Michael Cornish, Cora Baird, Elise Turrietta, Kay Schlacter, Luana",49,239,2709,477,10/11/2021
6/7/2021,SC_2,11:40,7.619999886,26.5,31.5,49.70000076,1.1,37.35264,75.80156,Pipefish,4.5,1,1 bay anchovy had 'string parasites',"Michael Cornish, Cora Baird, Elise Turrietta, Kay Schlacter, Luana",49,239,2708,477,10/11/2021
6/7/2021,SC_2,11:40,7.619999886,26.5,31.5,49.70000076,1.1,37.35264,75.80156,Pipefish,17,1,1 bay anchovy had 'string parasites',"Michael Cornish, Cora Baird, Elise Turrietta, Kay Schlacter, Luana",49,239,2707,477,10/11/2021
6/7/2021,SC_2,11:40,7.619999886,26.5,31.5,49.70000076,1.1,37.35264,75.80156,Pipefish,16,1,1 bay anchovy had 'string parasites',"Michael Cornish, Cora Baird, Elise Turrietta, Kay Schlacter, Luana",49,239,2706,477,10/11/2021
6/7/2021,SC_2,11:40,7.619999886,26.5,31.5,49.70000076,1.1,37.35264,75.80156,Silversides,9,2,1 bay anchovy had 'string parasites',"Michael Cornish, Cora Baird, Elise Turrietta, Kay Schlacter, Luana",49,239,2702,476,10/11/2021
6/7/2021,SC_2,11:40,7.619999886,26.5,31.5,49.70000076,1.1,37.35264,75.80156,Pipefish,4.5,1,1 bay anchovy had 'string parasites',"Michael Cornish, Cora Baird, Elise Turrietta, Kay Schlacter, Luana",49,239,2704,477,10/11/2021
6/7/2021,SC_2,11:40,7.619999886,26.5,31.5,49.70000076,1.1,37.35264,75.80156,Silver Perch,14,1,1 bay anchovy had 'string parasites',"Michael Cornish, Cora Baird, Elise Turrietta, Kay Schlacter, Luana",49,239,2699,475,10/11/2021
6/7/2021,SC_2,11:40,7.619999886,26.5,31.5,49.70000076,1.1,37.35264,75.80156,Silversides,8.5,1,1 bay anchovy had 'string parasites',"Michael Cornish, Cora Baird, Elise Turrietta, Kay Schlacter, Luana",49,239,2700,476,10/11/2021
6/7/2021,SC_2,11:40,7.619999886,26.5,31.5,49.70000076,1.1,37.35264,75.80156,Silversides,9.5,2,1 bay anchovy had 'string parasites',"Michael Cornish, Cora Baird, Elise Turrietta, Kay Schlacter, Luana",49,239,2701,476,10/11/2021
6/7/2021,SC_2,11:40,7.619999886,26.5,31.5,49.70000076,1.1,37.35264,75.80156,Black Sea Bass,2,1,1 bay anchovy had 'string parasites',"Michael Cornish, Cora Baird, Elise Turrietta, Kay Schlacter, Luana",49,239,2714,478,10/11/2021
6/7/2021,SC_2,11:40,7.619999886,26.5,31.5,49.70000076,1.1,37.35264,75.80156,Bay Anchovy,7,1,1 bay anchovy had 'string parasites',"Michael Cornish, Cora Baird, Elise Turrietta, Kay Schlacter, Luana",49,239,2698,474,10/11/2021
6/7/2021,SC_2,11:40,7.619999886,26.5,31.5,49.70000076,1.1,37.35264,75.80156,Bay Anchovy,5.5,4,1 bay anchovy had 'string parasites',"Michael Cornish, Cora Baird, Elise Turrietta, Kay Schlacter, Luana",49,239,2697,474,10/11/2021
6/7/2021,SC_2,11:40,7.619999886,26.5,31.5,49.70000076,1.1,37.35264,75.80156,Bay Anchovy,6,1,1 bay anchovy had 'string parasites',"Michael Cornish, Cora Baird, Elise Turrietta, Kay Schlacter, Luana",49,239,2696,474,10/11/2021
6/7/2021,SC_2,11:40,7.619999886,26.5,31.5,49.70000076,1.1,37.35264,75.80156,Pipefish,17,1,1 bay anchovy had 'string parasites',"Michael Cornish, Cora Baird, Elise Turrietta, Kay Schlacter, Luana",49,239,2705,477,10/11/2021
6/7/2021,SC_3,11:45,9.550000191,26.39999962,31.5,49.74000168,.7,37.35693,75.79573,Croaker,4,7,,"Michael Cornish, Cora Baird, Elise Turrietta, Kay Schlacter, Luana",49,240,2725,480,10/11/2021
6/7/2021,SC_3,11:45,9.550000191,26.39999962,31.5,49.74000168,.7,37.35693,75.79573,Croaker,4.5,1,,"Michael Cornish, Cora Baird, Elise Turrietta, Kay Schlacter, Luana",49,240,2726,480,10/11/2021
6/7/2021,SC_3,11:45,9.550000191,26.39999962,31.5,49.74000168,.7,37.35693,75.79573,Croaker,5.5,1,,"Michael Cornish, Cora Baird, Elise Turrietta, Kay Schlacter, Luana",49,240,2727,480,10/11/2021
6/7/2021,SC_3,11:45,9.550000191,26.39999962,31.5,49.74000168,.7,37.35693,75.79573,Pipefish,18,1,,"Michael Cornish, Cora Baird, Elise Turrietta, Kay Schlacter, Luana",49,240,2723,479,10/11/2021
6/7/2021,SC_3,11:45,9.550000191,26.39999962,31.5,49.74000168,.7,37.35693,75.79573,Pipefish,20,1,,"Michael Cornish, Cora Baird, Elise Turrietta, Kay Schlacter, Luana",49,240,2718,479,10/11/2021
6/7/2021,SC_3,11:45,9.550000191,26.39999962,31.5,49.74000168,.7,37.35693,75.79573,Pipefish,6.5,1,,"Michael Cornish, Cora Baird, Elise Turrietta, Kay Schlacter, Luana",49,240,2722,479,10/11/2021
6/7/2021,SC_3,11:45,9.550000191,26.39999962,31.5,49.74000168,.7,37.35693,75.79573,Pipefish,20.5,1,,"Michael Cornish, Cora Baird, Elise Turrietta, Kay Schlacter, Luana",49,240,2721,479,10/11/2021
6/7/2021,SC_3,11:45,9.550000191,26.39999962,31.5,49.74000168,.7,37.35693,75.79573,Pipefish,7.5,1,,"Michael Cornish, Cora Baird, Elise Turrietta, Kay Schlacter, Luana",49,240,2719,479,10/11/2021
6/7/2021,SC_3,11:45,9.550000191,26.39999962,31.5,49.74000168,.7,37.35693,75.79573,Pipefish,8.5,1,,"Michael Cornish, Cora Baird, Elise Turrietta, Kay Schlacter, Luana",49,240,2717,479,10/11/2021
6/7/2021,SC_3,11:45,9.550000191,26.39999962,31.5,49.74000168,.7,37.35693,75.79573,Pipefish,7.5,1,,"Michael Cornish, Cora Baird, Elise Turrietta, Kay Schlacter, Luana",49,240,2716,479,10/11/2021
6/7/2021,SC_3,11:45,9.550000191,26.39999962,31.5,49.74000168,.7,37.35693,75.79573,Pipefish,19,1,,"Michael Cornish, Cora Baird, Elise Turrietta, Kay Schlacter, Luana",49,240,2715,479,10/11/2021
6/7/2021,SC_3,11:45,9.550000191,26.39999962,31.5,49.74000168,.7,37.35693,75.79573,Pipefish,5,1,,"Michael Cornish, Cora Baird, Elise Turrietta, Kay Schlacter, Luana",49,240,2724,479,10/11/2021
6/7/2021,SC_3,11:45,9.550000191,26.39999962,31.5,49.74000168,.7,37.35693,75.79573,Pinfish,5.5,1,,"Michael Cornish, Cora Baird, Elise Turrietta, Kay Schlacter, Luana",49,240,2728,481,10/11/2021
6/7/2021,SC_3,11:45,9.550000191,26.39999962,31.5,49.74000168,.7,37.35693,75.79573,Pinfish,4.5,1,,"Michael Cornish, Cora Baird, Elise Turrietta, Kay Schlacter, Luana",49,240,2729,481,10/11/2021
6/7/2021,SC_3,11:45,9.550000191,26.39999962,31.5,49.74000168,.7,37.35693,75.79573,Pinfish,4.5,1,,"Michael Cornish, Cora Baird, Elise Turrietta, Kay Schlacter, Luana",49,240,2730,481,10/11/2021
6/7/2021,SC_3,11:45,9.550000191,26.39999962,31.5,49.74000168,.7,37.35693,75.79573,Pipefish,19,1,,"Michael Cornish, Cora Baird, Elise Turrietta, Kay Schlacter, Luana",49,240,2720,479,10/11/2021
6/7/2021,SC_4,13:14,12.22999954,28.5,31.10000038,51,.8,37.35983,75.80888,Pipefish,18.5,1,Lots of macroalgae,"Michael Cornish, Cora Baird, Elise Turrietta, Kay Schlacter, Luana",49,241,2734,483,10/11/2021
6/7/2021,SC_4,13:14,12.22999954,28.5,31.10000038,51,.8,37.35983,75.80888,Pipefish,16.5,1,Lots of macroalgae,"Michael Cornish, Cora Baird, Elise Turrietta, Kay Schlacter, Luana",49,241,2740,483,10/11/2021
6/7/2021,SC_4,13:14,12.22999954,28.5,31.10000038,51,.8,37.35983,75.80888,Pipefish,16.5,1,Lots of macroalgae,"Michael Cornish, Cora Baird, Elise Turrietta, Kay Schlacter, Luana",49,241,2736,483,10/11/2021
6/7/2021,SC_4,13:14,12.22999954,28.5,31.10000038,51,.8,37.35983,75.80888,Pipefish,21,1,Lots of macroalgae,"Michael Cornish, Cora Baird, Elise Turrietta, Kay Schlacter, Luana",49,241,2739,483,10/11/2021
6/7/2021,SC_4,13:14,12.22999954,28.5,31.10000038,51,.8,37.35983,75.80888,Pipefish,18.5,1,Lots of macroalgae,"Michael Cornish, Cora Baird, Elise Turrietta, Kay Schlacter, Luana",49,241,2738,483,10/11/2021
6/7/2021,SC_4,13:14,12.22999954,28.5,31.10000038,51,.8,37.35983,75.80888,Pipefish,4,1,Lots of macroalgae,"Michael Cornish, Cora Baird, Elise Turrietta, Kay Schlacter, Luana",49,241,2737,483,10/11/2021
6/7/2021,SC_4,13:14,12.22999954,28.5,31.10000038,51,.8,37.35983,75.80888,Striped burrfish,21,1,Lots of macroalgae,"Michael Cornish, Cora Baird, Elise Turrietta, Kay Schlacter, Luana",49,241,2748,488,10/11/2021
6/7/2021,SC_4,13:14,12.22999954,28.5,31.10000038,51,.8,37.35983,75.80888,Goby,4.5,1,Lots of macroalgae,"Michael Cornish, Cora Baird, Elise Turrietta, Kay Schlacter, Luana",49,241,2747,487,10/11/2021
6/7/2021,SC_4,13:14,12.22999954,28.5,31.10000038,51,.8,37.35983,75.80888,Pipefish,18,1,Lots of macroalgae,"Michael Cornish, Cora Baird, Elise Turrietta, Kay Schlacter, Luana",49,241,2735,483,10/11/2021
6/7/2021,SC_4,13:14,12.22999954,28.5,31.10000038,51,.8,37.35983,75.80888,Silversides,9,1,Lots of macroalgae,"Michael Cornish, Cora Baird, Elise Turrietta, Kay Schlacter, Luana",49,241,2733,482,10/11/2021
6/7/2021,SC_4,13:14,12.22999954,28.5,31.10000038,51,.8,37.35983,75.80888,Silversides,8.5,1,Lots of macroalgae,"Michael Cornish, Cora Baird, Elise Turrietta, Kay Schlacter, Luana",49,241,2732,482,10/11/2021
6/7/2021,SC_4,13:14,12.22999954,28.5,31.10000038,51,.8,37.35983,75.80888,Black Sea Bass,7,1,Lots of macroalgae,"Michael Cornish, Cora Baird, Elise Turrietta, Kay Schlacter, Luana",49,241,2742,485,10/11/2021
6/7/2021,SC_4,13:14,12.22999954,28.5,31.10000038,51,.8,37.35983,75.80888,Black Sea Bass,8.5,1,Lots of macroalgae,"Michael Cornish, Cora Baird, Elise Turrietta, Kay Schlacter, Luana",49,241,2743,485,10/11/2021
6/7/2021,SC_4,13:14,12.22999954,28.5,31.10000038,51,.8,37.35983,75.80888,Black Sea Bass,10.5,1,Lots of macroalgae,"Michael Cornish, Cora Baird, Elise Turrietta, Kay Schlacter, Luana",49,241,2745,485,10/11/2021
6/7/2021,SC_4,13:14,12.22999954,28.5,31.10000038,51,.8,37.35983,75.80888,Pinfish,5,1,Lots of macroalgae,"Michael Cornish, Cora Baird, Elise Turrietta, Kay Schlacter, Luana",49,241,2746,486,10/11/2021
6/7/2021,SC_4,13:14,12.22999954,28.5,31.10000038,51,.8,37.35983,75.80888,Croaker,3.5,1,Lots of macroalgae,"Michael Cornish, Cora Baird, Elise Turrietta, Kay Schlacter, Luana",49,241,2741,484,10/11/2021
6/7/2021,SC_4,13:14,12.22999954,28.5,31.10000038,51,.8,37.35983,75.80888,Black Sea Bass,10,1,Lots of macroalgae,"Michael Cornish, Cora Baird, Elise Turrietta, Kay Schlacter, Luana",49,241,2744,485,10/11/2021
6/7/2021,SC_4,13:14,12.22999954,28.5,31.10000038,51,.8,37.35983,75.80888,Silversides,8,1,Lots of macroalgae,"Michael Cornish, Cora Baird, Elise Turrietta, Kay Schlacter, Luana",49,241,2731,482,10/11/2021
6/7/2021,SC_5,12:45,10.77999973,27.79999924,31.20000076,50.5,.8,37.36579,75.80140,Croaker,3.5,1,One croaker with 'string parasite',"Michael Cornish, Cora Baird, Elise Turrietta, Kay Schlacter, Luana",49,242,2775,492,10/11/2021
6/7/2021,SC_5,12:45,10.77999973,27.79999924,31.20000076,50.5,.8,37.36579,75.80140,Pipefish,5,1,One croaker with 'string parasite',"Michael Cornish, Cora Baird, Elise Turrietta, Kay Schlacter, Luana",49,242,2767,491,10/11/2021
6/7/2021,SC_5,12:45,10.77999973,27.79999924,31.20000076,50.5,.8,37.36579,75.80140,Pipefish,4.5,1,One croaker with 'string parasite',"Michael Cornish, Cora Baird, Elise Turrietta, Kay Schlacter, Luana",49,242,2766,491,10/11/2021
6/7/2021,SC_5,12:45,10.77999973,27.79999924,31.20000076,50.5,.8,37.36579,75.80140,Pipefish,17.5,1,One croaker with 'string parasite',"Michael Cornish, Cora Baird, Elise Turrietta, Kay Schlacter, Luana",49,242,2765,491,10/11/2021
6/7/2021,SC_5,12:45,10.77999973,27.79999924,31.20000076,50.5,.8,37.36579,75.80140,Pipefish,19.5,1,One croaker with 'string parasite',"Michael Cornish, Cora Baird, Elise Turrietta, Kay Schlacter, Luana",49,242,2764,491,10/11/2021
6/7/2021,SC_5,12:45,10.77999973,27.79999924,31.20000076,50.5,.8,37.36579,75.80140,Pipefish,18.5,1,One croaker with 'string parasite',"Michael Cornish, Cora Baird, Elise Turrietta, Kay Schlacter, Luana",49,242,2763,491,10/11/2021
6/7/2021,SC_5,12:45,10.77999973,27.79999924,31.20000076,50.5,.8,37.36579,75.80140,Pipefish,9,1,One croaker with 'string parasite',"Michael Cornish, Cora Baird, Elise Turrietta, Kay Schlacter, Luana",49,242,2762,491,10/11/2021
6/7/2021,SC_5,12:45,10.77999973,27.79999924,31.20000076,50.5,.8,37.36579,75.80140,Pipefish,19.5,1,One croaker with 'string parasite',"Michael Cornish, Cora Baird, Elise Turrietta, Kay Schlacter, Luana",49,242,2761,491,10/11/2021
6/7/2021,SC_5,12:45,10.77999973,27.79999924,31.20000076,50.5,.8,37.36579,75.80140,Pipefish,4,1,One croaker with 'string parasite',"Michael Cornish, Cora Baird, Elise Turrietta, Kay Schlacter, Luana",49,242,2760,491,10/11/2021
6/7/2021,SC_5,12:45,10.77999973,27.79999924,31.20000076,50.5,.8,37.36579,75.80140,Pipefish,16,1,One croaker with 'string parasite',"Michael Cornish, Cora Baird, Elise Turrietta, Kay Schlacter, Luana",49,242,2759,491,10/11/2021
6/7/2021,SC_5,12:45,10.77999973,27.79999924,31.20000076,50.5,.8,37.36579,75.80140,Pipefish,4,1,One croaker with 'string parasite',"Michael Cornish, Cora Baird, Elise Turrietta, Kay Schlacter, Luana",49,242,2757,491,10/11/2021
6/7/2021,SC_5,12:45,10.77999973,27.79999924,31.20000076,50.5,.8,37.36579,75.80140,Pipefish,4,1,One croaker with 'string parasite',"Michael Cornish, Cora Baird, Elise Turrietta, Kay Schlacter, Luana",49,242,2755,491,10/11/2021
6/7/2021,SC_5,12:45,10.77999973,27.79999924,31.20000076,50.5,.8,37.36579,75.80140,Pipefish,4,1,One croaker with 'string parasite',"Michael Cornish, Cora Baird, Elise Turrietta, Kay Schlacter, Luana",49,242,2768,491,10/11/2021
6/7/2021,SC_5,12:45,10.77999973,27.79999924,31.20000076,50.5,.8,37.36579,75.80140,Pipefish,4.5,1,One croaker with 'string parasite',"Michael Cornish, Cora Baird, Elise Turrietta, Kay Schlacter, Luana",49,242,2753,491,10/11/2021
6/7/2021,SC_5,12:45,10.77999973,27.79999924,31.20000076,50.5,.8,37.36579,75.80140,Pipefish,16.5,1,One croaker with 'string parasite',"Michael Cornish, Cora Baird, Elise Turrietta, Kay Schlacter, Luana",49,242,2758,491,10/11/2021
6/7/2021,SC_5,12:45,10.77999973,27.79999924,31.20000076,50.5,.8,37.36579,75.80140,Croaker,4,1,One croaker with 'string parasite',"Michael Cornish, Cora Baird, Elise Turrietta, Kay Schlacter, Luana",49,242,2776,492,10/11/2021
6/7/2021,SC_5,12:45,10.77999973,27.79999924,31.20000076,50.5,.8,37.36579,75.80140,Croaker,3.5,1,One croaker with 'string parasite',"Michael Cornish, Cora Baird, Elise Turrietta, Kay Schlacter, Luana",49,242,2777,492,10/11/2021
6/7/2021,SC_5,12:45,10.77999973,27.79999924,31.20000076,50.5,.8,37.36579,75.80140,Seahorse,10.5,1,One croaker with 'string parasite',"Michael Cornish, Cora Baird, Elise Turrietta, Kay Schlacter, Luana",49,242,2784,493,10/11/2021
6/7/2021,SC_5,12:45,10.77999973,27.79999924,31.20000076,50.5,.8,37.36579,75.80140,Croaker,4.5,1,One croaker with 'string parasite',"Michael Cornish, Cora Baird, Elise Turrietta, Kay Schlacter, Luana",49,242,2778,492,10/11/2021
6/7/2021,SC_5,12:45,10.77999973,27.79999924,31.20000076,50.5,.8,37.36579,75.80140,Croaker,2.5,1,One croaker with 'string parasite',"Michael Cornish, Cora Baird, Elise Turrietta, Kay Schlacter, Luana",49,242,2779,492,10/11/2021
6/7/2021,SC_5,12:45,10.77999973,27.79999924,31.20000076,50.5,.8,37.36579,75.80140,Croaker,4,1,One croaker with 'string parasite',"Michael Cornish, Cora Baird, Elise Turrietta, Kay Schlacter, Luana",49,242,2780,492,10/11/2021
6/7/2021,SC_5,12:45,10.77999973,27.79999924,31.20000076,50.5,.8,37.36579,75.80140,Croaker,3.5,1,One croaker with 'string parasite',"Michael Cornish, Cora Baird, Elise Turrietta, Kay Schlacter, Luana",49,242,2781,492,10/11/2021
6/7/2021,SC_5,12:45,10.77999973,27.79999924,31.20000076,50.5,.8,37.36579,75.80140,Croaker,3.5,1,One croaker with 'string parasite',"Michael Cornish, Cora Baird, Elise Turrietta, Kay Schlacter, Luana",49,242,2782,492,10/11/2021
6/7/2021,SC_5,12:45,10.77999973,27.79999924,31.20000076,50.5,.8,37.36579,75.80140,Croaker,3.5,1,One croaker with 'string parasite',"Michael Cornish, Cora Baird, Elise Turrietta, Kay Schlacter, Luana",49,242,2783,492,10/11/2021
6/7/2021,SC_5,12:45,10.77999973,27.79999924,31.20000076,50.5,.8,37.36579,75.80140,Bay Anchovy,5.5,1,One croaker with 'string parasite',"Michael Cornish, Cora Baird, Elise Turrietta, Kay Schlacter, Luana",49,242,2749,489,10/11/2021
6/7/2021,SC_5,12:45,10.77999973,27.79999924,31.20000076,50.5,.8,37.36579,75.80140,Pipefish,18,1,One croaker with 'string parasite',"Michael Cornish, Cora Baird, Elise Turrietta, Kay Schlacter, Luana",49,242,2754,491,10/11/2021
6/7/2021,SC_5,12:45,10.77999973,27.79999924,31.20000076,50.5,.8,37.36579,75.80140,Croaker,4,1,One croaker with 'string parasite',"Michael Cornish, Cora Baird, Elise Turrietta, Kay Schlacter, Luana",49,242,2769,492,10/11/2021
6/7/2021,SC_5,12:45,10.77999973,27.79999924,31.20000076,50.5,.8,37.36579,75.80140,Silversides,9,1,One croaker with 'string parasite',"Michael Cornish, Cora Baird, Elise Turrietta, Kay Schlacter, Luana",49,242,2751,490,10/11/2021
6/7/2021,SC_5,12:45,10.77999973,27.79999924,31.20000076,50.5,.8,37.36579,75.80140,Croaker,3,1,One croaker with 'string parasite',"Michael Cornish, Cora Baird, Elise Turrietta, Kay Schlacter, Luana",49,242,2773,492,10/11/2021
6/7/2021,SC_5,12:45,10.77999973,27.79999924,31.20000076,50.5,.8,37.36579,75.80140,Croaker,2.5,1,One croaker with 'string parasite',"Michael Cornish, Cora Baird, Elise Turrietta, Kay Schlacter, Luana",49,242,2772,492,10/11/2021
6/7/2021,SC_5,12:45,10.77999973,27.79999924,31.20000076,50.5,.8,37.36579,75.80140,Croaker,3,1,One croaker with 'string parasite',"Michael Cornish, Cora Baird, Elise Turrietta, Kay Schlacter, Luana",49,242,2771,492,10/11/2021
6/7/2021,SC_5,12:45,10.77999973,27.79999924,31.20000076,50.5,.8,37.36579,75.80140,Silversides,8.5,1,One croaker with 'string parasite',"Michael Cornish, Cora Baird, Elise Turrietta, Kay Schlacter, Luana",49,242,2750,490,10/11/2021
6/7/2021,SC_5,12:45,10.77999973,27.79999924,31.20000076,50.5,.8,37.36579,75.80140,Croaker,3.5,1,One croaker with 'string parasite',"Michael Cornish, Cora Baird, Elise Turrietta, Kay Schlacter, Luana",49,242,2770,492,10/11/2021
6/7/2021,SC_5,12:45,10.77999973,27.79999924,31.20000076,50.5,.8,37.36579,75.80140,Croaker,3.5,1,One croaker with 'string parasite',"Michael Cornish, Cora Baird, Elise Turrietta, Kay Schlacter, Luana",49,242,2774,492,10/11/2021
6/7/2021,SC_5,12:45,10.77999973,27.79999924,31.20000076,50.5,.8,37.36579,75.80140,Silversides,3.5,2,One croaker with 'string parasite',"Michael Cornish, Cora Baird, Elise Turrietta, Kay Schlacter, Luana",49,242,2752,490,10/11/2021
6/7/2021,SC_5,12:45,10.77999973,27.79999924,31.20000076,50.5,.8,37.36579,75.80140,Pipefish,5,1,One croaker with 'string parasite',"Michael Cornish, Cora Baird, Elise Turrietta, Kay Schlacter, Luana",49,242,2756,491,10/11/2021
6/7/2021,SC_6x,13:50,10.32999992,28,31.39999962,51.09999847,.85,37.35929,75.80185,Spot,7,1,'String parasites' on bay anchovies and on one silverside,"Michael Cornish, Cora Baird, Elise Turrietta, Kay Schlacter, Luana",49,243,2828,499,10/11/2021
6/7/2021,SC_6x,13:50,10.32999992,28,31.39999962,51.09999847,.85,37.35929,75.80185,Bay Anchovy,6,3,'String parasites' on bay anchovies and on one silverside,"Michael Cornish, Cora Baird, Elise Turrietta, Kay Schlacter, Luana",49,243,2786,494,10/11/2021
6/7/2021,SC_6x,13:50,10.32999992,28,31.39999962,51.09999847,.85,37.35929,75.80185,Croaker,4,1,'String parasites' on bay anchovies and on one silverside,"Michael Cornish, Cora Baird, Elise Turrietta, Kay Schlacter, Luana",49,243,2809,497,10/11/2021
6/7/2021,SC_6x,13:50,10.32999992,28,31.39999962,51.09999847,.85,37.35929,75.80185,Croaker,3.5,1,'String parasites' on bay anchovies and on one silverside,"Michael Cornish, Cora Baird, Elise Turrietta, Kay Schlacter, Luana",49,243,2808,497,10/11/2021
6/7/2021,SC_6x,13:50,10.32999992,28,31.39999962,51.09999847,.85,37.35929,75.80185,Croaker,4,1,'String parasites' on bay anchovies and on one silverside,"Michael Cornish, Cora Baird, Elise Turrietta, Kay Schlacter, Luana",49,243,2807,497,10/11/2021
6/7/2021,SC_6x,13:50,10.32999992,28,31.39999962,51.09999847,.85,37.35929,75.80185,Bay Anchovy,12.5,1,'String parasites' on bay anchovies and on one silverside,"Michael Cornish, Cora Baird, Elise Turrietta, Kay Schlacter, Luana",49,243,2785,494,10/11/2021
6/7/2021,SC_6x,13:50,10.32999992,28,31.39999962,51.09999847,.85,37.35929,75.80185,Croaker,3,1,'String parasites' on bay anchovies and on one silverside,"Michael Cornish, Cora Baird, Elise Turrietta, Kay Schlacter, Luana",49,243,2818,497,10/11/2021
6/7/2021,SC_6x,13:50,10.32999992,28,31.39999962,51.09999847,.85,37.35929,75.80185,Croaker,3.5,1,'String parasites' on bay anchovies and on one silverside,"Michael Cornish, Cora Baird, Elise Turrietta, Kay Schlacter, Luana",49,243,2811,497,10/11/2021
6/7/2021,SC_6x,13:50,10.32999992,28,31.39999962,51.09999847,.85,37.35929,75.80185,Croaker,3,1,'String parasites' on bay anchovies and on one silverside,"Michael Cornish, Cora Baird, Elise Turrietta, Kay Schlacter, Luana",49,243,2812,497,10/11/2021
6/7/2021,SC_6x,13:50,10.32999992,28,31.39999962,51.09999847,.85,37.35929,75.80185,Croaker,3.5,1,'String parasites' on bay anchovies and on one silverside,"Michael Cornish, Cora Baird, Elise Turrietta, Kay Schlacter, Luana",49,243,2813,497,10/11/2021
6/7/2021,SC_6x,13:50,10.32999992,28,31.39999962,51.09999847,.85,37.35929,75.80185,Croaker,2.5,1,'String parasites' on bay anchovies and on one silverside,"Michael Cornish, Cora Baird, Elise Turrietta, Kay Schlacter, Luana",49,243,2814,497,10/11/2021
6/7/2021,SC_6x,13:50,10.32999992,28,31.39999962,51.09999847,.85,37.35929,75.80185,Croaker,3,1,'String parasites' on bay anchovies and on one silverside,"Michael Cornish, Cora Baird, Elise Turrietta, Kay Schlacter, Luana",49,243,2815,497,10/11/2021
6/7/2021,SC_6x,13:50,10.32999992,28,31.39999962,51.09999847,.85,37.35929,75.80185,Bay Anchovy,6.5,1,'String parasites' on bay anchovies and on one silverside,"Michael Cornish, Cora Baird, Elise Turrietta, Kay Schlacter, Luana",49,243,2787,494,10/11/2021
6/7/2021,SC_6x,13:50,10.32999992,28,31.39999962,51.09999847,.85,37.35929,75.80185,Croaker,4,1,'String parasites' on bay anchovies and on one silverside,"Michael Cornish, Cora Baird, Elise Turrietta, Kay Schlacter, Luana",49,243,2817,497,10/11/2021
6/7/2021,SC_6x,13:50,10.32999992,28,31.39999962,51.09999847,.85,37.35929,75.80185,Croaker,3,1,'String parasites' on bay anchovies and on one silverside,"Michael Cornish, Cora Baird, Elise Turrietta, Kay Schlacter, Luana",49,243,2825,497,10/11/2021
6/7/2021,SC_6x,13:50,10.32999992,28,31.39999962,51.09999847,.85,37.35929,75.80185,Croaker,4,1,'String parasites' on bay anchovies and on one silverside,"Michael Cornish, Cora Baird, Elise Turrietta, Kay Schlacter, Luana",49,243,2819,497,10/11/2021
6/7/2021,SC_6x,13:50,10.32999992,28,31.39999962,51.09999847,.85,37.35929,75.80185,Croaker,4.5,1,'String parasites' on bay anchovies and on one silverside,"Michael Cornish, Cora Baird, Elise Turrietta, Kay Schlacter, Luana",49,243,2820,497,10/11/2021
6/7/2021,SC_6x,13:50,10.32999992,28,31.39999962,51.09999847,.85,37.35929,75.80185,Croaker,4.5,1,'String parasites' on bay anchovies and on one silverside,"Michael Cornish, Cora Baird, Elise Turrietta, Kay Schlacter, Luana",49,243,2821,497,10/11/2021
6/7/2021,SC_6x,13:50,10.32999992,28,31.39999962,51.09999847,.85,37.35929,75.80185,Croaker,4,1,'String parasites' on bay anchovies and on one silverside,"Michael Cornish, Cora Baird, Elise Turrietta, Kay Schlacter, Luana",49,243,2822,497,10/11/2021
6/7/2021,SC_6x,13:50,10.32999992,28,31.39999962,51.09999847,.85,37.35929,75.80185,Croaker,4,1,'String parasites' on bay anchovies and on one silverside,"Michael Cornish, Cora Baird, Elise Turrietta, Kay Schlacter, Luana",49,243,2823,497,10/11/2021
6/7/2021,SC_6x,13:50,10.32999992,28,31.39999962,51.09999847,.85,37.35929,75.80185,Croaker,3.5,1,'String parasites' on bay anchovies and on one silverside,"Michael Cornish, Cora Baird, Elise Turrietta, Kay Schlacter, Luana",49,243,2824,497,10/11/2021
6/7/2021,SC_6x,13:50,10.32999992,28,31.39999962,51.09999847,.85,37.35929,75.80185,Croaker,4.5,1,'String parasites' on bay anchovies and on one silverside,"Michael Cornish, Cora Baird, Elise Turrietta, Kay Schlacter, Luana",49,243,2816,497,10/11/2021
6/7/2021,SC_6x,13:50,10.32999992,28,31.39999962,51.09999847,.85,37.35929,75.80185,Pipefish,18.5,1,'String parasites' on bay anchovies and on one silverside,"Michael Cornish, Cora Baird, Elise Turrietta, Kay Schlacter, Luana",49,243,2804,496,10/11/2021
6/7/2021,SC_6x,13:50,10.32999992,28,31.39999962,51.09999847,.85,37.35929,75.80185,Pipefish,22,1,'String parasites' on bay anchovies and on one silverside,"Michael Cornish, Cora Baird, Elise Turrietta, Kay Schlacter, Luana",49,243,2793,496,10/11/2021
6/7/2021,SC_6x,13:50,10.32999992,28,31.39999962,51.09999847,.85,37.35929,75.80185,Pipefish,17.5,1,'String parasites' on bay anchovies and on one silverside,"Michael Cornish, Cora Baird, Elise Turrietta, Kay Schlacter, Luana",49,243,2792,496,10/11/2021
6/7/2021,SC_6x,13:50,10.32999992,28,31.39999962,51.09999847,.85,37.35929,75.80185,Pipefish,15.5,1,'String parasites' on bay anchovies and on one silverside,"Michael Cornish, Cora Baird, Elise Turrietta, Kay Schlacter, Luana",49,243,2795,496,10/11/2021
6/7/2021,SC_6x,13:50,10.32999992,28,31.39999962,51.09999847,.85,37.35929,75.80185,Pipefish,10,1,'String parasites' on bay anchovies and on one silverside,"Michael Cornish, Cora Baird, Elise Turrietta, Kay Schlacter, Luana",49,243,2796,496,10/11/2021
6/7/2021,SC_6x,13:50,10.32999992,28,31.39999962,51.09999847,.85,37.35929,75.80185,Pipefish,19.5,1,'String parasites' on bay anchovies and on one silverside,"Michael Cornish, Cora Baird, Elise Turrietta, Kay Schlacter, Luana",49,243,2797,496,10/11/2021
6/7/2021,SC_6x,13:50,10.32999992,28,31.39999962,51.09999847,.85,37.35929,75.80185,Pipefish,19,1,'String parasites' on bay anchovies and on one silverside,"Michael Cornish, Cora Baird, Elise Turrietta, Kay Schlacter, Luana",49,243,2798,496,10/11/2021
6/7/2021,SC_6x,13:50,10.32999992,28,31.39999962,51.09999847,.85,37.35929,75.80185,Pipefish,16.5,1,'String parasites' on bay anchovies and on one silverside,"Michael Cornish, Cora Baird, Elise Turrietta, Kay Schlacter, Luana",49,243,2799,496,10/11/2021
6/7/2021,SC_6x,13:50,10.32999992,28,31.39999962,51.09999847,.85,37.35929,75.80185,Pipefish,17.5,1,'String parasites' on bay anchovies and on one silverside,"Michael Cornish, Cora Baird, Elise Turrietta, Kay Schlacter, Luana",49,243,2800,496,10/11/2021
6/7/2021,SC_6x,13:50,10.32999992,28,31.39999962,51.09999847,.85,37.35929,75.80185,Pipefish,5,1,'String parasites' on bay anchovies and on one silverside,"Michael Cornish, Cora Baird, Elise Turrietta, Kay Schlacter, Luana",49,243,2801,496,10/11/2021
6/7/2021,SC_6x,13:50,10.32999992,28,31.39999962,51.09999847,.85,37.35929,75.80185,Silversides,9,4,'String parasites' on bay anchovies and on one silverside,"Michael Cornish, Cora Baird, Elise Turrietta, Kay Schlacter, Luana",49,243,2790,495,10/11/2021
6/7/2021,SC_6x,13:50,10.32999992,28,31.39999962,51.09999847,.85,37.35929,75.80185,Pipefish,4.5,1,'String parasites' on bay anchovies and on one silverside,"Michael Cornish, Cora Baird, Elise Turrietta, Kay Schlacter, Luana",49,243,2803,496,10/11/2021
6/7/2021,SC_6x,13:50,10.32999992,28,31.39999962,51.09999847,.85,37.35929,75.80185,Silversides,8.5,3,'String parasites' on bay anchovies and on one silverside,"Michael Cornish, Cora Baird, Elise Turrietta, Kay Schlacter, Luana",49,243,2789,495,10/11/2021
6/7/2021,SC_6x,13:50,10.32999992,28,31.39999962,51.09999847,.85,37.35929,75.80185,Pipefish,18.5,1,'String parasites' on bay anchovies and on one silverside,"Michael Cornish, Cora Baird, Elise Turrietta, Kay Schlacter, Luana",49,243,2805,496,10/11/2021
6/7/2021,SC_6x,13:50,10.32999992,28,31.39999962,51.09999847,.85,37.35929,75.80185,Croaker,4,1,'String parasites' on bay anchovies and on one silverside,"Michael Cornish, Cora Baird, Elise Turrietta, Kay Schlacter, Luana",49,243,2810,497,10/11/2021
6/7/2021,SC_6x,13:50,10.32999992,28,31.39999962,51.09999847,.85,37.35929,75.80185,Pipefish,4,1,'String parasites' on bay anchovies and on one silverside,"Michael Cornish, Cora Baird, Elise Turrietta, Kay Schlacter, Luana",49,243,2806,496,10/11/2021
6/7/2021,SC_6x,13:50,10.32999992,28,31.39999962,51.09999847,.85,37.35929,75.80185,Pinfish,11,1,'String parasites' on bay anchovies and on one silverside,"Michael Cornish, Cora Baird, Elise Turrietta, Kay Schlacter, Luana",49,243,2826,498,10/11/2021
6/7/2021,SC_6x,13:50,10.32999992,28,31.39999962,51.09999847,.85,37.35929,75.80185,Spot,7.5,1,'String parasites' on bay anchovies and on one silverside,"Michael Cornish, Cora Baird, Elise Turrietta, Kay Schlacter, Luana",49,243,2827,499,10/11/2021
6/7/2021,SC_6x,13:50,10.32999992,28,31.39999962,51.09999847,.85,37.35929,75.80185,Bay Anchovy,5.5,4,'String parasites' on bay anchovies and on one silverside,"Michael Cornish, Cora Baird, Elise Turrietta, Kay Schlacter, Luana",49,243,2788,494,10/11/2021
6/7/2021,SC_6x,13:50,10.32999992,28,31.39999962,51.09999847,.85,37.35929,75.80185,Pipefish,20,1,'String parasites' on bay anchovies and on one silverside,"Michael Cornish, Cora Baird, Elise Turrietta, Kay Schlacter, Luana",49,243,2794,496,10/11/2021
6/7/2021,SC_6x,13:50,10.32999992,28,31.39999962,51.09999847,.85,37.35929,75.80185,Silversides,8,1,'String parasites' on bay anchovies and on one silverside,"Michael Cornish, Cora Baird, Elise Turrietta, Kay Schlacter, Luana",49,243,2791,495,10/11/2021
6/7/2021,SC_6x,13:50,10.32999992,28,31.39999962,51.09999847,.85,37.35929,75.80185,Pipefish,9,1,'String parasites' on bay anchovies and on one silverside,"Michael Cornish, Cora Baird, Elise Turrietta, Kay Schlacter, Luana",49,243,2802,496,10/11/2021
6/8/2021,SB_1,13:10,11.89999962,28.20000076,31.79999924,48.70000076,.51,37.27169,75.81282,Silver Perch,6.5,1,,"Kinsey Tedford, Jonah Morreale, David Lee, Hayley Marshall, Davis Coffey",51,249,3157,523,10/27/2021
6/8/2021,SB_1,13:10,11.89999962,28.20000076,31.79999924,48.70000076,.51,37.27169,75.81282,Bay Anchovy,3,1,,"Kinsey Tedford, Jonah Morreale, David Lee, Hayley Marshall, Davis Coffey",51,249,3154,522,10/27/2021
6/8/2021,SB_1,13:10,11.89999962,28.20000076,31.79999924,48.70000076,.51,37.27169,75.81282,Silver Perch,4,2,,"Kinsey Tedford, Jonah Morreale, David Lee, Hayley Marshall, Davis Coffey",51,249,3155,523,10/27/2021
6/8/2021,SB_1,13:10,11.89999962,28.20000076,31.79999924,48.70000076,.51,37.27169,75.81282,Pipefish,6,1,,"Kinsey Tedford, Jonah Morreale, David Lee, Hayley Marshall, Davis Coffey",51,249,3167,524,10/27/2021
6/8/2021,SB_1,13:10,11.89999962,28.20000076,31.79999924,48.70000076,.51,37.27169,75.81282,Pipefish,8,1,,"Kinsey Tedford, Jonah Morreale, David Lee, Hayley Marshall, Davis Coffey",51,249,3166,524,10/27/2021
6/8/2021,SB_1,13:10,11.89999962,28.20000076,31.79999924,48.70000076,.51,37.27169,75.81282,Pipefish,17,1,,"Kinsey Tedford, Jonah Morreale, David Lee, Hayley Marshall, Davis Coffey",51,249,3165,524,10/27/2021
6/8/2021,SB_1,13:10,11.89999962,28.20000076,31.79999924,48.70000076,.51,37.27169,75.81282,Pipefish,17.5,1,,"Kinsey Tedford, Jonah Morreale, David Lee, Hayley Marshall, Davis Coffey",51,249,3164,524,10/27/2021
6/8/2021,SB_1,13:10,11.89999962,28.20000076,31.79999924,48.70000076,.51,37.27169,75.81282,Pipefish,4.5,1,,"Kinsey Tedford, Jonah Morreale, David Lee, Hayley Marshall, Davis Coffey",51,249,3163,524,10/27/2021
6/8/2021,SB_1,13:10,11.89999962,28.20000076,31.79999924,48.70000076,.51,37.27169,75.81282,Croaker,8,1,,"Kinsey Tedford, Jonah Morreale, David Lee, Hayley Marshall, Davis Coffey",51,249,3168,525,10/27/2021
6/8/2021,SB_1,13:10,11.89999962,28.20000076,31.79999924,48.70000076,.51,37.27169,75.81282,Silver Perch,4.5,1,,"Kinsey Tedford, Jonah Morreale, David Lee, Hayley Marshall, Davis Coffey",51,249,3156,523,10/27/2021
6/8/2021,SB_1,13:10,11.89999962,28.20000076,31.79999924,48.70000076,.51,37.27169,75.81282,Silver Perch,9.5,1,,"Kinsey Tedford, Jonah Morreale, David Lee, Hayley Marshall, Davis Coffey",51,249,3158,523,10/27/2021
6/8/2021,SB_1,13:10,11.89999962,28.20000076,31.79999924,48.70000076,.51,37.27169,75.81282,Pipefish,19.5,1,,"Kinsey Tedford, Jonah Morreale, David Lee, Hayley Marshall, Davis Coffey",51,249,3161,524,10/27/2021
6/8/2021,SB_1,13:10,11.89999962,28.20000076,31.79999924,48.70000076,.51,37.27169,75.81282,Pipefish,18,1,,"Kinsey Tedford, Jonah Morreale, David Lee, Hayley Marshall, Davis Coffey",51,249,3160,524,10/27/2021
6/8/2021,SB_1,13:10,11.89999962,28.20000076,31.79999924,48.70000076,.51,37.27169,75.81282,Pipefish,19,1,,"Kinsey Tedford, Jonah Morreale, David Lee, Hayley Marshall, Davis Coffey",51,249,3159,524,10/27/2021
6/8/2021,SB_1,13:10,11.89999962,28.20000076,31.79999924,48.70000076,.51,37.27169,75.81282,Pipefish,18.5,1,,"Kinsey Tedford, Jonah Morreale, David Lee, Hayley Marshall, Davis Coffey",51,249,3162,524,10/27/2021
6/8/2021,SB_2,12:34,10.01000023,27.70000076,31.70000076,51.79999924,.74,37.27298,75.81276,Pipefish,20,1,"On first time through site, no reading on temperature or conductivity due to instrument error. Values for temp/cond/salinity were taken again when instrument appeared working roughly one hour after seining this site - these are the recorded values. Values seem accurate, but device was behaving erratically.","Kinsey Tedford, Jonah Morreale, David Lee, Hayley Marshall, Davis Coffey",51,250,3176,527,10/27/2021
6/8/2021,SB_2,12:34,10.01000023,27.70000076,31.70000076,51.79999924,.74,37.27298,75.81276,Silver Perch,3.5,1,"On first time through site, no reading on temperature or conductivity due to instrument error. Values for temp/cond/salinity were taken again when instrument appeared working roughly one hour after seining this site - these are the recorded values. Values seem accurate, but device was behaving erratically.","Kinsey Tedford, Jonah Morreale, David Lee, Hayley Marshall, Davis Coffey",51,250,3169,526,10/27/2021
6/8/2021,SB_2,12:34,10.01000023,27.70000076,31.70000076,51.79999924,.74,37.27298,75.81276,Pinfish,7.5,1,"On first time through site, no reading on temperature or conductivity due to instrument error. Values for temp/cond/salinity were taken again when instrument appeared working roughly one hour after seining this site - these are the recorded values. Values seem accurate, but device was behaving erratically.","Kinsey Tedford, Jonah Morreale, David Lee, Hayley Marshall, Davis Coffey",51,250,3182,530,10/27/2021
6/8/2021,SB_2,12:34,10.01000023,27.70000076,31.70000076,51.79999924,.74,37.27298,75.81276,Pipefish,22,1,"On first time through site, no reading on temperature or conductivity due to instrument error. Values for temp/cond/salinity were taken again when instrument appeared working roughly one hour after seining this site - these are the recorded values. Values seem accurate, but device was behaving erratically.","Kinsey Tedford, Jonah Morreale, David Lee, Hayley Marshall, Davis Coffey",51,250,3175,527,10/27/2021
6/8/2021,SB_2,12:34,10.01000023,27.70000076,31.70000076,51.79999924,.74,37.27298,75.81276,Croaker,4.5,1,"On first time through site, no reading on temperature or conductivity due to instrument error. Values for temp/cond/salinity were taken again when instrument appeared working roughly one hour after seining this site - these are the recorded values. Values seem accurate, but device was behaving erratically.","Kinsey Tedford, Jonah Morreale, David Lee, Hayley Marshall, Davis Coffey",51,250,3179,528,10/27/2021
6/8/2021,SB_2,12:34,10.01000023,27.70000076,31.70000076,51.79999924,.74,37.27298,75.81276,Pipefish,13.5,1,"On first time through site, no reading on temperature or conductivity due to instrument error. Values for temp/cond/salinity were taken again when instrument appeared working roughly one hour after seining this site - these are the recorded values. Values seem accurate, but device was behaving erratically.","Kinsey Tedford, Jonah Morreale, David Lee, Hayley Marshall, Davis Coffey",51,250,3177,527,10/27/2021
6/8/2021,SB_2,12:34,10.01000023,27.70000076,31.70000076,51.79999924,.74,37.27298,75.81276,Pipefish,20,1,"On first time through site, no reading on temperature or conductivity due to instrument error. Values for temp/cond/salinity were taken again when instrument appeared working roughly one hour after seining this site - these are the recorded values. Values seem accurate, but device was behaving erratically.","Kinsey Tedford, Jonah Morreale, David Lee, Hayley Marshall, Davis Coffey",51,250,3178,527,10/27/2021
6/8/2021,SB_2,12:34,10.01000023,27.70000076,31.70000076,51.79999924,.74,37.27298,75.81276,American Halfbeak,3,1,"On first time through site, no reading on temperature or conductivity due to instrument error. Values for temp/cond/salinity were taken again when instrument appeared working roughly one hour after seining this site - these are the recorded values. Values seem accurate, but device was behaving erratically.","Kinsey Tedford, Jonah Morreale, David Lee, Hayley Marshall, Davis Coffey",51,250,3180,529,10/27/2021
6/8/2021,SB_2,12:34,10.01000023,27.70000076,31.70000076,51.79999924,.74,37.27298,75.81276,American Halfbeak,2.5,1,"On first time through site, no reading on temperature or conductivity due to instrument error. Values for temp/cond/salinity were taken again when instrument appeared working roughly one hour after seining this site - these are the recorded values. Values seem accurate, but device was behaving erratically.","Kinsey Tedford, Jonah Morreale, David Lee, Hayley Marshall, Davis Coffey",51,250,3181,529,10/27/2021
6/8/2021,SB_2,12:34,10.01000023,27.70000076,31.70000076,51.79999924,.74,37.27298,75.81276,Pinfish,8,1,"On first time through site, no reading on temperature or conductivity due to instrument error. Values for temp/cond/salinity were taken again when instrument appeared working roughly one hour after seining this site - these are the recorded values. Values seem accurate, but device was behaving erratically.","Kinsey Tedford, Jonah Morreale, David Lee, Hayley Marshall, Davis Coffey",51,250,3183,530,10/27/2021
6/8/2021,SB_2,12:34,10.01000023,27.70000076,31.70000076,51.79999924,.74,37.27298,75.81276,Silver Perch,6,1,"On first time through site, no reading on temperature or conductivity due to instrument error. Values for temp/cond/salinity were taken again when instrument appeared working roughly one hour after seining this site - these are the recorded values. Values seem accurate, but device was behaving erratically.","Kinsey Tedford, Jonah Morreale, David Lee, Hayley Marshall, Davis Coffey",51,250,3173,526,10/27/2021
6/8/2021,SB_2,12:34,10.01000023,27.70000076,31.70000076,51.79999924,.74,37.27298,75.81276,Silver Perch,4,4,"On first time through site, no reading on temperature or conductivity due to instrument error. Values for temp/cond/salinity were taken again when instrument appeared working roughly one hour after seining this site - these are the recorded values. Values seem accurate, but device was behaving erratically.","Kinsey Tedford, Jonah Morreale, David Lee, Hayley Marshall, Davis Coffey",51,250,3170,526,10/27/2021
6/8/2021,SB_2,12:34,10.01000023,27.70000076,31.70000076,51.79999924,.74,37.27298,75.81276,Silver Perch,5,3,"On first time through site, no reading on temperature or conductivity due to instrument error. Values for temp/cond/salinity were taken again when instrument appeared working roughly one hour after seining this site - these are the recorded values. Values seem accurate, but device was behaving erratically.","Kinsey Tedford, Jonah Morreale, David Lee, Hayley Marshall, Davis Coffey",51,250,3171,526,10/27/2021
6/8/2021,SB_2,12:34,10.01000023,27.70000076,31.70000076,51.79999924,.74,37.27298,75.81276,Silver Perch,4.5,2,"On first time through site, no reading on temperature or conductivity due to instrument error. Values for temp/cond/salinity were taken again when instrument appeared working roughly one hour after seining this site - these are the recorded values. Values seem accurate, but device was behaving erratically.","Kinsey Tedford, Jonah Morreale, David Lee, Hayley Marshall, Davis Coffey",51,250,3172,526,10/27/2021
6/8/2021,SB_2,12:34,10.01000023,27.70000076,31.70000076,51.79999924,.74,37.27298,75.81276,Pipefish,9.5,1,"On first time through site, no reading on temperature or conductivity due to instrument error. Values for temp/cond/salinity were taken again when instrument appeared working roughly one hour after seining this site - these are the recorded values. Values seem accurate, but device was behaving erratically.","Kinsey Tedford, Jonah Morreale, David Lee, Hayley Marshall, Davis Coffey",51,250,3174,527,10/27/2021
6/8/2021,SB_3,12:11,9.600000381,26.79999924,31.5,48.29999924,.81,37.26626,75.81217,Bay Anchovy,2.5,1,Fish brought back in jar as sample to be identified - identified as Northern sennet; recorded as such.,"Kinsey Tedford, Jonah Morreale, David Lee, Hayley Marshall, Davis Coffey",51,251,3184,531,10/27/2021
6/8/2021,SB_3,12:11,9.600000381,26.79999924,31.5,48.29999924,.81,37.26626,75.81217,Bay Anchovy,6,1,Fish brought back in jar as sample to be identified - identified as Northern sennet; recorded as such.,"Kinsey Tedford, Jonah Morreale, David Lee, Hayley Marshall, Davis Coffey",51,251,3185,531,10/27/2021
6/8/2021,SB_3,12:11,9.600000381,26.79999924,31.5,48.29999924,.81,37.26626,75.81217,Sennet,6.5,1,Fish brought back in jar as sample to be identified - identified as Northern sennet; recorded as such.,"Kinsey Tedford, Jonah Morreale, David Lee, Hayley Marshall, Davis Coffey",51,251,3197,535,10/27/2021
6/8/2021,SB_3,12:11,9.600000381,26.79999924,31.5,48.29999924,.81,37.26626,75.81217,Croaker,4,1,Fish brought back in jar as sample to be identified - identified as Northern sennet; recorded as such.,"Kinsey Tedford, Jonah Morreale, David Lee, Hayley Marshall, Davis Coffey",51,251,3195,533,10/27/2021
6/8/2021,SB_3,12:11,9.600000381,26.79999924,31.5,48.29999924,.81,37.26626,75.81217,Silver Perch,5.5,1,Fish brought back in jar as sample to be identified - identified as Northern sennet; recorded as such.,"Kinsey Tedford, Jonah Morreale, David Lee, Hayley Marshall, Davis Coffey",51,251,3194,532,10/27/2021
6/8/2021,SB_3,12:11,9.600000381,26.79999924,31.5,48.29999924,.81,37.26626,75.81217,Silver Perch,5,2,Fish brought back in jar as sample to be identified - identified as Northern sennet; recorded as such.,"Kinsey Tedford, Jonah Morreale, David Lee, Hayley Marshall, Davis Coffey",51,251,3193,532,10/27/2021
6/8/2021,SB_3,12:11,9.600000381,26.79999924,31.5,48.29999924,.81,37.26626,75.81217,Silver Perch,6,1,Fish brought back in jar as sample to be identified - identified as Northern sennet; recorded as such.,"Kinsey Tedford, Jonah Morreale, David Lee, Hayley Marshall, Davis Coffey",51,251,3192,532,10/27/2021
6/8/2021,SB_3,12:11,9.600000381,26.79999924,31.5,48.29999924,.81,37.26626,75.81217,Silver Perch,7,1,Fish brought back in jar as sample to be identified - identified as Northern sennet; recorded as such.,"Kinsey Tedford, Jonah Morreale, David Lee, Hayley Marshall, Davis Coffey",51,251,3191,532,10/27/2021
6/8/2021,SB_3,12:11,9.600000381,26.79999924,31.5,48.29999924,.81,37.26626,75.81217,Silver Perch,9,2,Fish brought back in jar as sample to be identified - identified as Northern sennet; recorded as such.,"Kinsey Tedford, Jonah Morreale, David Lee, Hayley Marshall, Davis Coffey",51,251,3190,532,10/27/2021
6/8/2021,SB_3,12:11,9.600000381,26.79999924,31.5,48.29999924,.81,37.26626,75.81217,Silver Perch,8,3,Fish brought back in jar as sample to be identified - identified as Northern sennet; recorded as such.,"Kinsey Tedford, Jonah Morreale, David Lee, Hayley Marshall, Davis Coffey",51,251,3189,532,10/27/2021
6/8/2021,SB_3,12:11,9.600000381,26.79999924,31.5,48.29999924,.81,37.26626,75.81217,Silver Perch,7.5,1,Fish brought back in jar as sample to be identified - identified as Northern sennet; recorded as such.,"Kinsey Tedford, Jonah Morreale, David Lee, Hayley Marshall, Davis Coffey",51,251,3188,532,10/27/2021
6/8/2021,SB_3,12:11,9.600000381,26.79999924,31.5,48.29999924,.81,37.26626,75.81217,Silver Perch,3.5,1,Fish brought back in jar as sample to be identified - identified as Northern sennet; recorded as such.,"Kinsey Tedford, Jonah Morreale, David Lee, Hayley Marshall, Davis Coffey",51,251,3186,532,10/27/2021
6/8/2021,SB_3,12:11,9.600000381,26.79999924,31.5,48.29999924,.81,37.26626,75.81217,Pinfish,3,1,Fish brought back in jar as sample to be identified - identified as Northern sennet; recorded as such.,"Kinsey Tedford, Jonah Morreale, David Lee, Hayley Marshall, Davis Coffey",51,251,3196,534,10/27/2021
6/8/2021,SB_3,12:11,9.600000381,26.79999924,31.5,48.29999924,.81,37.26626,75.81217,Silver Perch,6.5,1,Fish brought back in jar as sample to be identified - identified as Northern sennet; recorded as such.,"Kinsey Tedford, Jonah Morreale, David Lee, Hayley Marshall, Davis Coffey",51,251,3187,532,10/27/2021
6/8/2021,SB_4,14:02,11,27.29999924,33,52.70000076,.69,37.26222,75.81574,Silver Perch,7,1,Conductivity/salinity meter not working in the field. Brought back water sample in bottle from site (middle of water column) to measure back at the lab with working equipment. Measured temperature in the field (different device) and salinity in the lab - recorded conductance value is back-calculated from in-situ temperature and lab salinity value using formulas from YSI manual.,"Kinsey Tedford, Jonah Morreale, David Lee, Hayley Marshall, Davis Coffey",51,252,3206,537,10/27/2021
6/8/2021,SB_4,14:02,11,27.29999924,33,52.70000076,.69,37.26222,75.81574,Silver Perch,3,1,Conductivity/salinity meter not working in the field. Brought back water sample in bottle from site (middle of water column) to measure back at the lab with working equipment. Measured temperature in the field (different device) and salinity in the lab - recorded conductance value is back-calculated from in-situ temperature and lab salinity value using formulas from YSI manual.,"Kinsey Tedford, Jonah Morreale, David Lee, Hayley Marshall, Davis Coffey",51,252,3201,537,10/27/2021
6/8/2021,SB_4,14:02,11,27.29999924,33,52.70000076,.69,37.26222,75.81574,Bay Anchovy,6,1,Conductivity/salinity meter not working in the field. Brought back water sample in bottle from site (middle of water column) to measure back at the lab with working equipment. Measured temperature in the field (different device) and salinity in the lab - recorded conductance value is back-calculated from in-situ temperature and lab salinity value using formulas from YSI manual.,"Kinsey Tedford, Jonah Morreale, David Lee, Hayley Marshall, Davis Coffey",51,252,3199,536,10/27/2021
6/8/2021,SB_4,14:02,11,27.29999924,33,52.70000076,.69,37.26222,75.81574,Silver Perch,4,2,Conductivity/salinity meter not working in the field. Brought back water sample in bottle from site (middle of water column) to measure back at the lab with working equipment. Measured temperature in the field (different device) and salinity in the lab - recorded conductance value is back-calculated from in-situ temperature and lab salinity value using formulas from YSI manual.,"Kinsey Tedford, Jonah Morreale, David Lee, Hayley Marshall, Davis Coffey",51,252,3202,537,10/27/2021
6/8/2021,SB_4,14:02,11,27.29999924,33,52.70000076,.69,37.26222,75.81574,Bay Anchovy,2,3,Conductivity/salinity meter not working in the field. Brought back water sample in bottle from site (middle of water column) to measure back at the lab with working equipment. Measured temperature in the field (different device) and salinity in the lab - recorded conductance value is back-calculated from in-situ temperature and lab salinity value using formulas from YSI manual.,"Kinsey Tedford, Jonah Morreale, David Lee, Hayley Marshall, Davis Coffey",51,252,3198,536,10/27/2021
6/8/2021,SB_4,14:02,11,27.29999924,33,52.70000076,.69,37.26222,75.81574,Silver Perch,6.5,1,Conductivity/salinity meter not working in the field. Brought back water sample in bottle from site (middle of water column) to measure back at the lab with working equipment. Measured temperature in the field (different device) and salinity in the lab - recorded conductance value is back-calculated from in-situ temperature and lab salinity value using formulas from YSI manual.,"Kinsey Tedford, Jonah Morreale, David Lee, Hayley Marshall, Davis Coffey",51,252,3203,537,10/27/2021
6/8/2021,SB_4,14:02,11,27.29999924,33,52.70000076,.69,37.26222,75.81574,Silver Perch,6,1,Conductivity/salinity meter not working in the field. Brought back water sample in bottle from site (middle of water column) to measure back at the lab with working equipment. Measured temperature in the field (different device) and salinity in the lab - recorded conductance value is back-calculated from in-situ temperature and lab salinity value using formulas from YSI manual.,"Kinsey Tedford, Jonah Morreale, David Lee, Hayley Marshall, Davis Coffey",51,252,3204,537,10/27/2021
6/8/2021,SB_4,14:02,11,27.29999924,33,52.70000076,.69,37.26222,75.81574,Silver Perch,8,2,Conductivity/salinity meter not working in the field. Brought back water sample in bottle from site (middle of water column) to measure back at the lab with working equipment. Measured temperature in the field (different device) and salinity in the lab - recorded conductance value is back-calculated from in-situ temperature and lab salinity value using formulas from YSI manual.,"Kinsey Tedford, Jonah Morreale, David Lee, Hayley Marshall, Davis Coffey",51,252,3205,537,10/27/2021
6/8/2021,SB_4,14:02,11,27.29999924,33,52.70000076,.69,37.26222,75.81574,Pinfish,2,1,Conductivity/salinity meter not working in the field. Brought back water sample in bottle from site (middle of water column) to measure back at the lab with working equipment. Measured temperature in the field (different device) and salinity in the lab - recorded conductance value is back-calculated from in-situ temperature and lab salinity value using formulas from YSI manual.,"Kinsey Tedford, Jonah Morreale, David Lee, Hayley Marshall, Davis Coffey",51,252,3212,540,10/27/2021
6/8/2021,SB_4,14:02,11,27.29999924,33,52.70000076,.69,37.26222,75.81574,Pinfish,3,1,Conductivity/salinity meter not working in the field. Brought back water sample in bottle from site (middle of water column) to measure back at the lab with working equipment. Measured temperature in the field (different device) and salinity in the lab - recorded conductance value is back-calculated from in-situ temperature and lab salinity value using formulas from YSI manual.,"Kinsey Tedford, Jonah Morreale, David Lee, Hayley Marshall, Davis Coffey",51,252,3211,540,10/27/2021
6/8/2021,SB_4,14:02,11,27.29999924,33,52.70000076,.69,37.26222,75.81574,Silver Perch,2.5,1,Conductivity/salinity meter not working in the field. Brought back water sample in bottle from site (middle of water column) to measure back at the lab with working equipment. Measured temperature in the field (different device) and salinity in the lab - recorded conductance value is back-calculated from in-situ temperature and lab salinity value using formulas from YSI manual.,"Kinsey Tedford, Jonah Morreale, David Lee, Hayley Marshall, Davis Coffey",51,252,3200,537,10/27/2021
6/8/2021,SB_4,14:02,11,27.29999924,33,52.70000076,.69,37.26222,75.81574,Silversides,3.5,1,Conductivity/salinity meter not working in the field. Brought back water sample in bottle from site (middle of water column) to measure back at the lab with working equipment. Measured temperature in the field (different device) and salinity in the lab - recorded conductance value is back-calculated from in-situ temperature and lab salinity value using formulas from YSI manual.,"Kinsey Tedford, Jonah Morreale, David Lee, Hayley Marshall, Davis Coffey",51,252,3208,538,10/27/2021
6/8/2021,SB_4,14:02,11,27.29999924,33,52.70000076,.69,37.26222,75.81574,Silver Perch,7.5,1,Conductivity/salinity meter not working in the field. Brought back water sample in bottle from site (middle of water column) to measure back at the lab with working equipment. Measured temperature in the field (different device) and salinity in the lab - recorded conductance value is back-calculated from in-situ temperature and lab salinity value using formulas from YSI manual.,"Kinsey Tedford, Jonah Morreale, David Lee, Hayley Marshall, Davis Coffey",51,252,3207,537,10/27/2021
6/8/2021,SB_4,14:02,11,27.29999924,33,52.70000076,.69,37.26222,75.81574,Croaker,3,1,Conductivity/salinity meter not working in the field. Brought back water sample in bottle from site (middle of water column) to measure back at the lab with working equipment. Measured temperature in the field (different device) and salinity in the lab - recorded conductance value is back-calculated from in-situ temperature and lab salinity value using formulas from YSI manual.,"Kinsey Tedford, Jonah Morreale, David Lee, Hayley Marshall, Davis Coffey",51,252,3209,539,10/27/2021
6/8/2021,SB_4,14:02,11,27.29999924,33,52.70000076,.69,37.26222,75.81574,Pinfish,5.5,1,Conductivity/salinity meter not working in the field. Brought back water sample in bottle from site (middle of water column) to measure back at the lab with working equipment. Measured temperature in the field (different device) and salinity in the lab - recorded conductance value is back-calculated from in-situ temperature and lab salinity value using formulas from YSI manual.,"Kinsey Tedford, Jonah Morreale, David Lee, Hayley Marshall, Davis Coffey",51,252,3210,540,10/27/2021
6/8/2021,SB_5,11:35,7.849999905,25.20000076,31.79999924,48.72000122,1.1,37.25619,75.81153,Croaker,3.5,1,,"Kinsey Tedford, Jonah Morreale, David Lee, Hayley Marshall, Davis Coffey",51,253,3244,545,10/27/2021
6/8/2021,SB_5,11:35,7.849999905,25.20000076,31.79999924,48.72000122,1.1,37.25619,75.81153,Croaker,4.5,1,,"Kinsey Tedford, Jonah Morreale, David Lee, Hayley Marshall, Davis Coffey",51,253,3248,545,10/27/2021
6/8/2021,SB_5,11:35,7.849999905,25.20000076,31.79999924,48.72000122,1.1,37.25619,75.81153,Croaker,5,1,,"Kinsey Tedford, Jonah Morreale, David Lee, Hayley Marshall, Davis Coffey",51,253,3249,545,10/27/2021
6/8/2021,SB_5,11:35,7.849999905,25.20000076,31.79999924,48.72000122,1.1,37.25619,75.81153,Croaker,4,1,,"Kinsey Tedford, Jonah Morreale, David Lee, Hayley Marshall, Davis Coffey",51,253,3250,545,10/27/2021
6/8/2021,SB_5,11:35,7.849999905,25.20000076,31.79999924,48.72000122,1.1,37.25619,75.81153,Silver Perch,5.5,4,,"Kinsey Tedford, Jonah Morreale, David Lee, Hayley Marshall, Davis Coffey",51,253,3225,542,10/27/2021
6/8/2021,SB_5,11:35,7.849999905,25.20000076,31.79999924,48.72000122,1.1,37.25619,75.81153,Silver Perch,7,5,,"Kinsey Tedford, Jonah Morreale, David Lee, Hayley Marshall, Davis Coffey",51,253,3224,542,10/27/2021
6/8/2021,SB_5,11:35,7.849999905,25.20000076,31.79999924,48.72000122,1.1,37.25619,75.81153,Silver Perch,8.5,2,,"Kinsey Tedford, Jonah Morreale, David Lee, Hayley Marshall, Davis Coffey",51,253,3223,542,10/27/2021
6/8/2021,SB_5,11:35,7.849999905,25.20000076,31.79999924,48.72000122,1.1,37.25619,75.81153,Bay Anchovy,7,5,,"Kinsey Tedford, Jonah Morreale, David Lee, Hayley Marshall, Davis Coffey",51,253,3215,541,10/27/2021
6/8/2021,SB_5,11:35,7.849999905,25.20000076,31.79999924,48.72000122,1.1,37.25619,75.81153,Bay Anchovy,6.5,2,,"Kinsey Tedford, Jonah Morreale, David Lee, Hayley Marshall, Davis Coffey",51,253,3214,541,10/27/2021
6/8/2021,SB_5,11:35,7.849999905,25.20000076,31.79999924,48.72000122,1.1,37.25619,75.81153,Croaker,4,1,,"Kinsey Tedford, Jonah Morreale, David Lee, Hayley Marshall, Davis Coffey",51,253,3240,545,10/27/2021
6/8/2021,SB_5,11:35,7.849999905,25.20000076,31.79999924,48.72000122,1.1,37.25619,75.81153,Croaker,3,1,,"Kinsey Tedford, Jonah Morreale, David Lee, Hayley Marshall, Davis Coffey",51,253,3238,545,10/27/2021
6/8/2021,SB_5,11:35,7.849999905,25.20000076,31.79999924,48.72000122,1.1,37.25619,75.81153,Croaker,3.5,1,,"Kinsey Tedford, Jonah Morreale, David Lee, Hayley Marshall, Davis Coffey",51,253,3237,545,10/27/2021
6/8/2021,SB_5,11:35,7.849999905,25.20000076,31.79999924,48.72000122,1.1,37.25619,75.81153,Croaker,2.5,1,,"Kinsey Tedford, Jonah Morreale, David Lee, Hayley Marshall, Davis Coffey",51,253,3236,545,10/27/2021
6/8/2021,SB_5,11:35,7.849999905,25.20000076,31.79999924,48.72000122,1.1,37.25619,75.81153,Croaker,3.5,1,,"Kinsey Tedford, Jonah Morreale, David Lee, Hayley Marshall, Davis Coffey",51,253,3235,545,10/27/2021
6/8/2021,SB_5,11:35,7.849999905,25.20000076,31.79999924,48.72000122,1.1,37.25619,75.81153,Silver Perch,4.5,7,,"Kinsey Tedford, Jonah Morreale, David Lee, Hayley Marshall, Davis Coffey",51,253,3228,542,10/27/2021
6/8/2021,SB_5,11:35,7.849999905,25.20000076,31.79999924,48.72000122,1.1,37.25619,75.81153,Croaker,3,1,,"Kinsey Tedford, Jonah Morreale, David Lee, Hayley Marshall, Davis Coffey",51,253,3246,545,10/27/2021
6/8/2021,SB_5,11:35,7.849999905,25.20000076,31.79999924,48.72000122,1.1,37.25619,75.81153,Silver Perch,5,7,,"Kinsey Tedford, Jonah Morreale, David Lee, Hayley Marshall, Davis Coffey",51,253,3226,542,10/27/2021
6/8/2021,SB_5,11:35,7.849999905,25.20000076,31.79999924,48.72000122,1.1,37.25619,75.81153,Croaker,4,1,,"Kinsey Tedford, Jonah Morreale, David Lee, Hayley Marshall, Davis Coffey",51,253,3247,545,10/27/2021
6/8/2021,SB_5,11:35,7.849999905,25.20000076,31.79999924,48.72000122,1.1,37.25619,75.81153,Croaker,4,1,,"Kinsey Tedford, Jonah Morreale, David Lee, Hayley Marshall, Davis Coffey",51,253,3241,545,10/27/2021
6/8/2021,SB_5,11:35,7.849999905,25.20000076,31.79999924,48.72000122,1.1,37.25619,75.81153,Croaker,1.5,1,,"Kinsey Tedford, Jonah Morreale, David Lee, Hayley Marshall, Davis Coffey",51,253,3242,545,10/27/2021
6/8/2021,SB_5,11:35,7.849999905,25.20000076,31.79999924,48.72000122,1.1,37.25619,75.81153,Silversides,10,1,,"Kinsey Tedford, Jonah Morreale, David Lee, Hayley Marshall, Davis Coffey",51,253,3229,543,10/27/2021
6/8/2021,SB_5,11:35,7.849999905,25.20000076,31.79999924,48.72000122,1.1,37.25619,75.81153,Silversides,12,1,,"Kinsey Tedford, Jonah Morreale, David Lee, Hayley Marshall, Davis Coffey",51,253,3230,543,10/27/2021
6/8/2021,SB_5,11:35,7.849999905,25.20000076,31.79999924,48.72000122,1.1,37.25619,75.81153,Croaker,2.5,1,,"Kinsey Tedford, Jonah Morreale, David Lee, Hayley Marshall, Davis Coffey",51,253,3243,545,10/27/2021
6/8/2021,SB_5,11:35,7.849999905,25.20000076,31.79999924,48.72000122,1.1,37.25619,75.81153,Croaker,3,1,,"Kinsey Tedford, Jonah Morreale, David Lee, Hayley Marshall, Davis Coffey",51,253,3245,545,10/27/2021
6/8/2021,SB_5,11:35,7.849999905,25.20000076,31.79999924,48.72000122,1.1,37.25619,75.81153,Silver Perch,6.5,3,,"Kinsey Tedford, Jonah Morreale, David Lee, Hayley Marshall, Davis Coffey",51,253,3227,542,10/27/2021
6/8/2021,SB_5,11:35,7.849999905,25.20000076,31.79999924,48.72000122,1.1,37.25619,75.81153,Black Sea Bass,7,1,,"Kinsey Tedford, Jonah Morreale, David Lee, Hayley Marshall, Davis Coffey",51,253,3253,546,10/27/2021
6/8/2021,SB_5,11:35,7.849999905,25.20000076,31.79999924,48.72000122,1.1,37.25619,75.81153,Pipefish,18,1,,"Kinsey Tedford, Jonah Morreale, David Lee, Hayley Marshall, Davis Coffey",51,253,3231,544,10/27/2021
6/8/2021,SB_5,11:35,7.849999905,25.20000076,31.79999924,48.72000122,1.1,37.25619,75.81153,Pipefish,20,1,,"Kinsey Tedford, Jonah Morreale, David Lee, Hayley Marshall, Davis Coffey",51,253,3232,544,10/27/2021
6/8/2021,SB_5,11:35,7.849999905,25.20000076,31.79999924,48.72000122,1.1,37.25619,75.81153,Pipefish,20.5,1,,"Kinsey Tedford, Jonah Morreale, David Lee, Hayley Marshall, Davis Coffey",51,253,3233,544,10/27/2021
6/8/2021,SB_5,11:35,7.849999905,25.20000076,31.79999924,48.72000122,1.1,37.25619,75.81153,Pipefish,19,1,,"Kinsey Tedford, Jonah Morreale, David Lee, Hayley Marshall, Davis Coffey",51,253,3234,544,10/27/2021
6/8/2021,SB_5,11:35,7.849999905,25.20000076,31.79999924,48.72000122,1.1,37.25619,75.81153,Tautog,16,1,,"Kinsey Tedford, Jonah Morreale, David Lee, Hayley Marshall, Davis Coffey",51,253,3255,548,10/27/2021
6/8/2021,SB_5,11:35,7.849999905,25.20000076,31.79999924,48.72000122,1.1,37.25619,75.81153,Silver Perch,9,2,,"Kinsey Tedford, Jonah Morreale, David Lee, Hayley Marshall, Davis Coffey",51,253,3222,542,10/27/2021
6/8/2021,SB_5,11:35,7.849999905,25.20000076,31.79999924,48.72000122,1.1,37.25619,75.81153,Black Sea Bass,7,1,,"Kinsey Tedford, Jonah Morreale, David Lee, Hayley Marshall, Davis Coffey",51,253,3252,546,10/27/2021
6/8/2021,SB_5,11:35,7.849999905,25.20000076,31.79999924,48.72000122,1.1,37.25619,75.81153,Bay Anchovy,5,1,,"Kinsey Tedford, Jonah Morreale, David Lee, Hayley Marshall, Davis Coffey",51,253,3213,541,10/27/2021
6/8/2021,SB_5,11:35,7.849999905,25.20000076,31.79999924,48.72000122,1.1,37.25619,75.81153,Silver Perch,6,4,,"Kinsey Tedford, Jonah Morreale, David Lee, Hayley Marshall, Davis Coffey",51,253,3219,542,10/27/2021
6/8/2021,SB_5,11:35,7.849999905,25.20000076,31.79999924,48.72000122,1.1,37.25619,75.81153,Croaker,4,1,,"Kinsey Tedford, Jonah Morreale, David Lee, Hayley Marshall, Davis Coffey",51,253,3239,545,10/27/2021
6/8/2021,SB_5,11:35,7.849999905,25.20000076,31.79999924,48.72000122,1.1,37.25619,75.81153,Silver Perch,8,2,,"Kinsey Tedford, Jonah Morreale, David Lee, Hayley Marshall, Davis Coffey",51,253,3221,542,10/27/2021
6/8/2021,SB_5,11:35,7.849999905,25.20000076,31.79999924,48.72000122,1.1,37.25619,75.81153,Silver Perch,7.5,3,,"Kinsey Tedford, Jonah Morreale, David Lee, Hayley Marshall, Davis Coffey",51,253,3220,542,10/27/2021
6/8/2021,SB_5,11:35,7.849999905,25.20000076,31.79999924,48.72000122,1.1,37.25619,75.81153,Silver Perch,3,7,,"Kinsey Tedford, Jonah Morreale, David Lee, Hayley Marshall, Davis Coffey",51,253,3216,542,10/27/2021
6/8/2021,SB_5,11:35,7.849999905,25.20000076,31.79999924,48.72000122,1.1,37.25619,75.81153,Silver Perch,3.5,11,,"Kinsey Tedford, Jonah Morreale, David Lee, Hayley Marshall, Davis Coffey",51,253,3217,542,10/27/2021
6/8/2021,SB_5,11:35,7.849999905,25.20000076,31.79999924,48.72000122,1.1,37.25619,75.81153,Silver Perch,4,14,,"Kinsey Tedford, Jonah Morreale, David Lee, Hayley Marshall, Davis Coffey",51,253,3218,542,10/27/2021
6/8/2021,SB_5,11:35,7.849999905,25.20000076,31.79999924,48.72000122,1.1,37.25619,75.81153,Seahorse,10.5,1,,"Kinsey Tedford, Jonah Morreale, David Lee, Hayley Marshall, Davis Coffey",51,253,3254,547,10/27/2021
6/8/2021,SB_5,11:35,7.849999905,25.20000076,31.79999924,48.72000122,1.1,37.25619,75.81153,Black Sea Bass,11,1,,"Kinsey Tedford, Jonah Morreale, David Lee, Hayley Marshall, Davis Coffey",51,253,3251,546,10/27/2021
6/8/2021,SB_6x,14:33,11.39999962,28.70000076,31.60000038,52,.58,37.26528,75.82069,Pinfish,5.5,1,Conductivity/salinity meter not working in the field. Brought back water sample in bottle from site (middle of water column) to measure back at the lab with working equipment. Measured temperature in the field (different device) and salinity in the lab - recorded conductance value is back-calculated from in-situ temperature and lab salinity value using formulas from YSI manual.,"Kinsey Tedford, Jonah Morreale, David Lee, Hayley Marshall, Davis Coffey",51,254,3274,553,10/27/2021
6/8/2021,SB_6x,14:33,11.39999962,28.70000076,31.60000038,52,.58,37.26528,75.82069,Pipefish,9,1,Conductivity/salinity meter not working in the field. Brought back water sample in bottle from site (middle of water column) to measure back at the lab with working equipment. Measured temperature in the field (different device) and salinity in the lab - recorded conductance value is back-calculated from in-situ temperature and lab salinity value using formulas from YSI manual.,"Kinsey Tedford, Jonah Morreale, David Lee, Hayley Marshall, Davis Coffey",51,254,3263,551,10/27/2021
6/8/2021,SB_6x,14:33,11.39999962,28.70000076,31.60000038,52,.58,37.26528,75.82069,Silver Perch,7,2,Conductivity/salinity meter not working in the field. Brought back water sample in bottle from site (middle of water column) to measure back at the lab with working equipment. Measured temperature in the field (different device) and salinity in the lab - recorded conductance value is back-calculated from in-situ temperature and lab salinity value using formulas from YSI manual.,"Kinsey Tedford, Jonah Morreale, David Lee, Hayley Marshall, Davis Coffey",51,254,3261,550,10/27/2021
6/8/2021,SB_6x,14:33,11.39999962,28.70000076,31.60000038,52,.58,37.26528,75.82069,Silver Perch,7.5,2,Conductivity/salinity meter not working in the field. Brought back water sample in bottle from site (middle of water column) to measure back at the lab with working equipment. Measured temperature in the field (different device) and salinity in the lab - recorded conductance value is back-calculated from in-situ temperature and lab salinity value using formulas from YSI manual.,"Kinsey Tedford, Jonah Morreale, David Lee, Hayley Marshall, Davis Coffey",51,254,3260,550,10/27/2021
6/8/2021,SB_6x,14:33,11.39999962,28.70000076,31.60000038,52,.58,37.26528,75.82069,Silver Perch,6.5,2,Conductivity/salinity meter not working in the field. Brought back water sample in bottle from site (middle of water column) to measure back at the lab with working equipment. Measured temperature in the field (different device) and salinity in the lab - recorded conductance value is back-calculated from in-situ temperature and lab salinity value using formulas from YSI manual.,"Kinsey Tedford, Jonah Morreale, David Lee, Hayley Marshall, Davis Coffey",51,254,3259,550,10/27/2021
6/8/2021,SB_6x,14:33,11.39999962,28.70000076,31.60000038,52,.58,37.26528,75.82069,Silver Perch,5,5,Conductivity/salinity meter not working in the field. Brought back water sample in bottle from site (middle of water column) to measure back at the lab with working equipment. Measured temperature in the field (different device) and salinity in the lab - recorded conductance value is back-calculated from in-situ temperature and lab salinity value using formulas from YSI manual.,"Kinsey Tedford, Jonah Morreale, David Lee, Hayley Marshall, Davis Coffey",51,254,3258,550,10/27/2021
6/8/2021,SB_6x,14:33,11.39999962,28.70000076,31.60000038,52,.58,37.26528,75.82069,Silver Perch,4,8,Conductivity/salinity meter not working in the field. Brought back water sample in bottle from site (middle of water column) to measure back at the lab with working equipment. Measured temperature in the field (different device) and salinity in the lab - recorded conductance value is back-calculated from in-situ temperature and lab salinity value using formulas from YSI manual.,"Kinsey Tedford, Jonah Morreale, David Lee, Hayley Marshall, Davis Coffey",51,254,3257,550,10/27/2021
6/8/2021,SB_6x,14:33,11.39999962,28.70000076,31.60000038,52,.58,37.26528,75.82069,Pipefish,5,1,Conductivity/salinity meter not working in the field. Brought back water sample in bottle from site (middle of water column) to measure back at the lab with working equipment. Measured temperature in the field (different device) and salinity in the lab - recorded conductance value is back-calculated from in-situ temperature and lab salinity value using formulas from YSI manual.,"Kinsey Tedford, Jonah Morreale, David Lee, Hayley Marshall, Davis Coffey",51,254,3265,551,10/27/2021
6/8/2021,SB_6x,14:33,11.39999962,28.70000076,31.60000038,52,.58,37.26528,75.82069,Pipefish,4,1,Conductivity/salinity meter not working in the field. Brought back water sample in bottle from site (middle of water column) to measure back at the lab with working equipment. Measured temperature in the field (different device) and salinity in the lab - recorded conductance value is back-calculated from in-situ temperature and lab salinity value using formulas from YSI manual.,"Kinsey Tedford, Jonah Morreale, David Lee, Hayley Marshall, Davis Coffey",51,254,3266,551,10/27/2021
6/8/2021,SB_6x,14:33,11.39999962,28.70000076,31.60000038,52,.58,37.26528,75.82069,Pinfish,6,1,Conductivity/salinity meter not working in the field. Brought back water sample in bottle from site (middle of water column) to measure back at the lab with working equipment. Measured temperature in the field (different device) and salinity in the lab - recorded conductance value is back-calculated from in-situ temperature and lab salinity value using formulas from YSI manual.,"Kinsey Tedford, Jonah Morreale, David Lee, Hayley Marshall, Davis Coffey",51,254,3269,553,10/27/2021
6/8/2021,SB_6x,14:33,11.39999962,28.70000076,31.60000038,52,.58,37.26528,75.82069,Pinfish,6.5,1,Conductivity/salinity meter not working in the field. Brought back water sample in bottle from site (middle of water column) to measure back at the lab with working equipment. Measured temperature in the field (different device) and salinity in the lab - recorded conductance value is back-calculated from in-situ temperature and lab salinity value using formulas from YSI manual.,"Kinsey Tedford, Jonah Morreale, David Lee, Hayley Marshall, Davis Coffey",51,254,3270,553,10/27/2021
6/8/2021,SB_6x,14:33,11.39999962,28.70000076,31.60000038,52,.58,37.26528,75.82069,Pinfish,3,1,Conductivity/salinity meter not working in the field. Brought back water sample in bottle from site (middle of water column) to measure back at the lab with working equipment. Measured temperature in the field (different device) and salinity in the lab - recorded conductance value is back-calculated from in-situ temperature and lab salinity value using formulas from YSI manual.,"Kinsey Tedford, Jonah Morreale, David Lee, Hayley Marshall, Davis Coffey",51,254,3271,553,10/27/2021
6/8/2021,SB_6x,14:33,11.39999962,28.70000076,31.60000038,52,.58,37.26528,75.82069,Pinfish,4,1,Conductivity/salinity meter not working in the field. Brought back water sample in bottle from site (middle of water column) to measure back at the lab with working equipment. Measured temperature in the field (different device) and salinity in the lab - recorded conductance value is back-calculated from in-situ temperature and lab salinity value using formulas from YSI manual.,"Kinsey Tedford, Jonah Morreale, David Lee, Hayley Marshall, Davis Coffey",51,254,3272,553,10/27/2021
6/8/2021,SB_6x,14:33,11.39999962,28.70000076,31.60000038,52,.58,37.26528,75.82069,Silver Perch,6,2,Conductivity/salinity meter not working in the field. Brought back water sample in bottle from site (middle of water column) to measure back at the lab with working equipment. Measured temperature in the field (different device) and salinity in the lab - recorded conductance value is back-calculated from in-situ temperature and lab salinity value using formulas from YSI manual.,"Kinsey Tedford, Jonah Morreale, David Lee, Hayley Marshall, Davis Coffey",51,254,3262,550,10/27/2021
6/8/2021,SB_6x,14:33,11.39999962,28.70000076,31.60000038,52,.58,37.26528,75.82069,Pinfish,3.5,1,Conductivity/salinity meter not working in the field. Brought back water sample in bottle from site (middle of water column) to measure back at the lab with working equipment. Measured temperature in the field (different device) and salinity in the lab - recorded conductance value is back-calculated from in-situ temperature and lab salinity value using formulas from YSI manual.,"Kinsey Tedford, Jonah Morreale, David Lee, Hayley Marshall, Davis Coffey",51,254,3273,553,10/27/2021
6/8/2021,SB_6x,14:33,11.39999962,28.70000076,31.60000038,52,.58,37.26528,75.82069,Pipefish,7,1,Conductivity/salinity meter not working in the field. Brought back water sample in bottle from site (middle of water column) to measure back at the lab with working equipment. Measured temperature in the field (different device) and salinity in the lab - recorded conductance value is back-calculated from in-situ temperature and lab salinity value using formulas from YSI manual.,"Kinsey Tedford, Jonah Morreale, David Lee, Hayley Marshall, Davis Coffey",51,254,3264,551,10/27/2021
6/8/2021,SB_6x,14:33,11.39999962,28.70000076,31.60000038,52,.58,37.26528,75.82069,Croaker,7.5,1,Conductivity/salinity meter not working in the field. Brought back water sample in bottle from site (middle of water column) to measure back at the lab with working equipment. Measured temperature in the field (different device) and salinity in the lab - recorded conductance value is back-calculated from in-situ temperature and lab salinity value using formulas from YSI manual.,"Kinsey Tedford, Jonah Morreale, David Lee, Hayley Marshall, Davis Coffey",51,254,3267,552,10/27/2021
6/8/2021,SB_6x,14:33,11.39999962,28.70000076,31.60000038,52,.58,37.26528,75.82069,Bay Anchovy,7,1,Conductivity/salinity meter not working in the field. Brought back water sample in bottle from site (middle of water column) to measure back at the lab with working equipment. Measured temperature in the field (different device) and salinity in the lab - recorded conductance value is back-calculated from in-situ temperature and lab salinity value using formulas from YSI manual.,"Kinsey Tedford, Jonah Morreale, David Lee, Hayley Marshall, Davis Coffey",51,254,3256,549,10/27/2021
6/8/2021,SB_6x,14:33,11.39999962,28.70000076,31.60000038,52,.58,37.26528,75.82069,Croaker,2,1,Conductivity/salinity meter not working in the field. Brought back water sample in bottle from site (middle of water column) to measure back at the lab with working equipment. Measured temperature in the field (different device) and salinity in the lab - recorded conductance value is back-calculated from in-situ temperature and lab salinity value using formulas from YSI manual.,"Kinsey Tedford, Jonah Morreale, David Lee, Hayley Marshall, Davis Coffey",51,254,3268,552,10/27/2021
6/8/2021,SS_1,14:45,11.80000019,29.20000076,31.29999924,52.09999847,.8,37.24824,75.85063,Croaker,4.5,1,'Parasites' on Atlantic croaker,"Cora Baird, Michael Cornish, Alex Marshall, Kay Schlacter, Luana",50,244,2847,502,10/27/2021
6/8/2021,SS_1,14:45,11.80000019,29.20000076,31.29999924,52.09999847,.8,37.24824,75.85063,Croaker,4,1,'Parasites' on Atlantic croaker,"Cora Baird, Michael Cornish, Alex Marshall, Kay Schlacter, Luana",50,244,2846,502,10/27/2021
6/8/2021,SS_1,14:45,11.80000019,29.20000076,31.29999924,52.09999847,.8,37.24824,75.85063,Croaker,3,1,'Parasites' on Atlantic croaker,"Cora Baird, Michael Cornish, Alex Marshall, Kay Schlacter, Luana",50,244,2844,502,10/27/2021
6/8/2021,SS_1,14:45,11.80000019,29.20000076,31.29999924,52.09999847,.8,37.24824,75.85063,Croaker,4,1,'Parasites' on Atlantic croaker,"Cora Baird, Michael Cornish, Alex Marshall, Kay Schlacter, Luana",50,244,2842,502,10/27/2021
6/8/2021,SS_1,14:45,11.80000019,29.20000076,31.29999924,52.09999847,.8,37.24824,75.85063,Croaker,4,1,'Parasites' on Atlantic croaker,"Cora Baird, Michael Cornish, Alex Marshall, Kay Schlacter, Luana",50,244,2841,502,10/27/2021
6/8/2021,SS_1,14:45,11.80000019,29.20000076,31.29999924,52.09999847,.8,37.24824,75.85063,Croaker,7.5,1,'Parasites' on Atlantic croaker,"Cora Baird, Michael Cornish, Alex Marshall, Kay Schlacter, Luana",50,244,2840,502,10/27/2021
6/8/2021,SS_1,14:45,11.80000019,29.20000076,31.29999924,52.09999847,.8,37.24824,75.85063,Pipefish,16,1,'Parasites' on Atlantic croaker,"Cora Baird, Michael Cornish, Alex Marshall, Kay Schlacter, Luana",50,244,2838,501,10/27/2021
6/8/2021,SS_1,14:45,11.80000019,29.20000076,31.29999924,52.09999847,.8,37.24824,75.85063,Pipefish,4.5,1,'Parasites' on Atlantic croaker,"Cora Baird, Michael Cornish, Alex Marshall, Kay Schlacter, Luana",50,244,2835,501,10/27/2021
6/8/2021,SS_1,14:45,11.80000019,29.20000076,31.29999924,52.09999847,.8,37.24824,75.85063,Pipefish,20,1,'Parasites' on Atlantic croaker,"Cora Baird, Michael Cornish, Alex Marshall, Kay Schlacter, Luana",50,244,2830,501,10/27/2021
6/8/2021,SS_1,14:45,11.80000019,29.20000076,31.29999924,52.09999847,.8,37.24824,75.85063,Croaker,3,1,'Parasites' on Atlantic croaker,"Cora Baird, Michael Cornish, Alex Marshall, Kay Schlacter, Luana",50,244,2850,502,10/27/2021
6/8/2021,SS_1,14:45,11.80000019,29.20000076,31.29999924,52.09999847,.8,37.24824,75.85063,Pipefish,17,1,'Parasites' on Atlantic croaker,"Cora Baird, Michael Cornish, Alex Marshall, Kay Schlacter, Luana",50,244,2831,501,10/27/2021
6/8/2021,SS_1,14:45,11.80000019,29.20000076,31.29999924,52.09999847,.8,37.24824,75.85063,Pipefish,4,1,'Parasites' on Atlantic croaker,"Cora Baird, Michael Cornish, Alex Marshall, Kay Schlacter, Luana",50,244,2832,501,10/27/2021
6/8/2021,SS_1,14:45,11.80000019,29.20000076,31.29999924,52.09999847,.8,37.24824,75.85063,Pipefish,3.5,1,'Parasites' on Atlantic croaker,"Cora Baird, Michael Cornish, Alex Marshall, Kay Schlacter, Luana",50,244,2833,501,10/27/2021
6/8/2021,SS_1,14:45,11.80000019,29.20000076,31.29999924,52.09999847,.8,37.24824,75.85063,Bay Anchovy,5.5,1,'Parasites' on Atlantic croaker,"Cora Baird, Michael Cornish, Alex Marshall, Kay Schlacter, Luana",50,244,2829,500,10/27/2021
6/8/2021,SS_1,14:45,11.80000019,29.20000076,31.29999924,52.09999847,.8,37.24824,75.85063,Pipefish,19.5,1,'Parasites' on Atlantic croaker,"Cora Baird, Michael Cornish, Alex Marshall, Kay Schlacter, Luana",50,244,2834,501,10/27/2021
6/8/2021,SS_1,14:45,11.80000019,29.20000076,31.29999924,52.09999847,.8,37.24824,75.85063,Pipefish,8,1,'Parasites' on Atlantic croaker,"Cora Baird, Michael Cornish, Alex Marshall, Kay Schlacter, Luana",50,244,2839,501,10/27/2021
6/8/2021,SS_1,14:45,11.80000019,29.20000076,31.29999924,52.09999847,.8,37.24824,75.85063,Croaker,4.5,1,'Parasites' on Atlantic croaker,"Cora Baird, Michael Cornish, Alex Marshall, Kay Schlacter, Luana",50,244,2863,502,10/27/2021
6/8/2021,SS_1,14:45,11.80000019,29.20000076,31.29999924,52.09999847,.8,37.24824,75.85063,Croaker,2.5,1,'Parasites' on Atlantic croaker,"Cora Baird, Michael Cornish, Alex Marshall, Kay Schlacter, Luana",50,244,2858,502,10/27/2021
6/8/2021,SS_1,14:45,11.80000019,29.20000076,31.29999924,52.09999847,.8,37.24824,75.85063,Black Sea Bass,3,1,'Parasites' on Atlantic croaker,"Cora Baird, Michael Cornish, Alex Marshall, Kay Schlacter, Luana",50,244,2867,503,10/27/2021
6/8/2021,SS_1,14:45,11.80000019,29.20000076,31.29999924,52.09999847,.8,37.24824,75.85063,Black Sea Bass,1.5,1,'Parasites' on Atlantic croaker,"Cora Baird, Michael Cornish, Alex Marshall, Kay Schlacter, Luana",50,244,2866,503,10/27/2021
6/8/2021,SS_1,14:45,11.80000019,29.20000076,31.29999924,52.09999847,.8,37.24824,75.85063,Black Sea Bass,2.5,1,'Parasites' on Atlantic croaker,"Cora Baird, Michael Cornish, Alex Marshall, Kay Schlacter, Luana",50,244,2865,503,10/27/2021
6/8/2021,SS_1,14:45,11.80000019,29.20000076,31.29999924,52.09999847,.8,37.24824,75.85063,Black Sea Bass,2.5,1,'Parasites' on Atlantic croaker,"Cora Baird, Michael Cornish, Alex Marshall, Kay Schlacter, Luana",50,244,2864,503,10/27/2021
6/8/2021,SS_1,14:45,11.80000019,29.20000076,31.29999924,52.09999847,.8,37.24824,75.85063,Croaker,5.5,1,'Parasites' on Atlantic croaker,"Cora Baird, Michael Cornish, Alex Marshall, Kay Schlacter, Luana",50,244,2859,502,10/27/2021
6/8/2021,SS_1,14:45,11.80000019,29.20000076,31.29999924,52.09999847,.8,37.24824,75.85063,Croaker,3,1,'Parasites' on Atlantic croaker,"Cora Baird, Michael Cornish, Alex Marshall, Kay Schlacter, Luana",50,244,2860,502,10/27/2021
6/8/2021,SS_1,14:45,11.80000019,29.20000076,31.29999924,52.09999847,.8,37.24824,75.85063,Croaker,9.5,1,'Parasites' on Atlantic croaker,"Cora Baird, Michael Cornish, Alex Marshall, Kay Schlacter, Luana",50,244,2848,502,10/27/2021
6/8/2021,SS_1,14:45,11.80000019,29.20000076,31.29999924,52.09999847,.8,37.24824,75.85063,Croaker,1,1,'Parasites' on Atlantic croaker,"Cora Baird, Michael Cornish, Alex Marshall, Kay Schlacter, Luana",50,244,2862,502,10/27/2021
6/8/2021,SS_1,14:45,11.80000019,29.20000076,31.29999924,52.09999847,.8,37.24824,75.85063,Croaker,3.5,1,'Parasites' on Atlantic croaker,"Cora Baird, Michael Cornish, Alex Marshall, Kay Schlacter, Luana",50,244,2849,502,10/27/2021
6/8/2021,SS_1,14:45,11.80000019,29.20000076,31.29999924,52.09999847,.8,37.24824,75.85063,Croaker,5,1,'Parasites' on Atlantic croaker,"Cora Baird, Michael Cornish, Alex Marshall, Kay Schlacter, Luana",50,244,2857,502,10/27/2021
6/8/2021,SS_1,14:45,11.80000019,29.20000076,31.29999924,52.09999847,.8,37.24824,75.85063,Croaker,3.5,1,'Parasites' on Atlantic croaker,"Cora Baird, Michael Cornish, Alex Marshall, Kay Schlacter, Luana",50,244,2856,502,10/27/2021
6/8/2021,SS_1,14:45,11.80000019,29.20000076,31.29999924,52.09999847,.8,37.24824,75.85063,Croaker,4.5,1,'Parasites' on Atlantic croaker,"Cora Baird, Michael Cornish, Alex Marshall, Kay Schlacter, Luana",50,244,2855,502,10/27/2021
6/8/2021,SS_1,14:45,11.80000019,29.20000076,31.29999924,52.09999847,.8,37.24824,75.85063,Croaker,8.5,1,'Parasites' on Atlantic croaker,"Cora Baird, Michael Cornish, Alex Marshall, Kay Schlacter, Luana",50,244,2854,502,10/27/2021
6/8/2021,SS_1,14:45,11.80000019,29.20000076,31.29999924,52.09999847,.8,37.24824,75.85063,Croaker,3.5,1,'Parasites' on Atlantic croaker,"Cora Baird, Michael Cornish, Alex Marshall, Kay Schlacter, Luana",50,244,2853,502,10/27/2021
6/8/2021,SS_1,14:45,11.80000019,29.20000076,31.29999924,52.09999847,.8,37.24824,75.85063,Croaker,6.5,1,'Parasites' on Atlantic croaker,"Cora Baird, Michael Cornish, Alex Marshall, Kay Schlacter, Luana",50,244,2852,502,10/27/2021
6/8/2021,SS_1,14:45,11.80000019,29.20000076,31.29999924,52.09999847,.8,37.24824,75.85063,Croaker,3,1,'Parasites' on Atlantic croaker,"Cora Baird, Michael Cornish, Alex Marshall, Kay Schlacter, Luana",50,244,2851,502,10/27/2021
6/8/2021,SS_1,14:45,11.80000019,29.20000076,31.29999924,52.09999847,.8,37.24824,75.85063,Croaker,3.5,1,'Parasites' on Atlantic croaker,"Cora Baird, Michael Cornish, Alex Marshall, Kay Schlacter, Luana",50,244,2843,502,10/27/2021
6/8/2021,SS_1,14:45,11.80000019,29.20000076,31.29999924,52.09999847,.8,37.24824,75.85063,Croaker,3.5,1,'Parasites' on Atlantic croaker,"Cora Baird, Michael Cornish, Alex Marshall, Kay Schlacter, Luana",50,244,2861,502,10/27/2021
6/8/2021,SS_1,14:45,11.80000019,29.20000076,31.29999924,52.09999847,.8,37.24824,75.85063,Pipefish,3.5,1,'Parasites' on Atlantic croaker,"Cora Baird, Michael Cornish, Alex Marshall, Kay Schlacter, Luana",50,244,2837,501,10/27/2021
6/8/2021,SS_1,14:45,11.80000019,29.20000076,31.29999924,52.09999847,.8,37.24824,75.85063,Pipefish,16,1,'Parasites' on Atlantic croaker,"Cora Baird, Michael Cornish, Alex Marshall, Kay Schlacter, Luana",50,244,2836,501,10/27/2021
6/8/2021,SS_1,14:45,11.80000019,29.20000076,31.29999924,52.09999847,.8,37.24824,75.85063,Croaker,3,1,'Parasites' on Atlantic croaker,"Cora Baird, Michael Cornish, Alex Marshall, Kay Schlacter, Luana",50,244,2845,502,10/27/2021
6/8/2021,SS_2,11:15,8.220000267,27.29999924,31.29999924,50.09999847,.95,37.23944,75.85375,Croaker,3.5,1,Some bay anchovy and croaker have parasites,"Cora Baird, Michael Cornish, Alex Marshall, Kay Schlacter, Luana",50,245,2963,506,10/27/2021
6/8/2021,SS_2,11:15,8.220000267,27.29999924,31.29999924,50.09999847,.95,37.23944,75.85375,Croaker,8,1,Some bay anchovy and croaker have parasites,"Cora Baird, Michael Cornish, Alex Marshall, Kay Schlacter, Luana",50,245,2899,506,10/27/2021
6/8/2021,SS_2,11:15,8.220000267,27.29999924,31.29999924,50.09999847,.95,37.23944,75.85375,Croaker,5.5,1,Some bay anchovy and croaker have parasites,"Cora Baird, Michael Cornish, Alex Marshall, Kay Schlacter, Luana",50,245,2955,506,10/27/2021
6/8/2021,SS_2,11:15,8.220000267,27.29999924,31.29999924,50.09999847,.95,37.23944,75.85375,Croaker,4,1,Some bay anchovy and croaker have parasites,"Cora Baird, Michael Cornish, Alex Marshall, Kay Schlacter, Luana",50,245,2956,506,10/27/2021
6/8/2021,SS_2,11:15,8.220000267,27.29999924,31.29999924,50.09999847,.95,37.23944,75.85375,Croaker,4,1,Some bay anchovy and croaker have parasites,"Cora Baird, Michael Cornish, Alex Marshall, Kay Schlacter, Luana",50,245,2957,506,10/27/2021
6/8/2021,SS_2,11:15,8.220000267,27.29999924,31.29999924,50.09999847,.95,37.23944,75.85375,Croaker,3.5,1,Some bay anchovy and croaker have parasites,"Cora Baird, Michael Cornish, Alex Marshall, Kay Schlacter, Luana",50,245,2958,506,10/27/2021
6/8/2021,SS_2,11:15,8.220000267,27.29999924,31.29999924,50.09999847,.95,37.23944,75.85375,Croaker,7.5,1,Some bay anchovy and croaker have parasites,"Cora Baird, Michael Cornish, Alex Marshall, Kay Schlacter, Luana",50,245,2959,506,10/27/2021
6/8/2021,SS_2,11:15,8.220000267,27.29999924,31.29999924,50.09999847,.95,37.23944,75.85375,Croaker,4,1,Some bay anchovy and croaker have parasites,"Cora Baird, Michael Cornish, Alex Marshall, Kay Schlacter, Luana",50,245,2960,506,10/27/2021
6/8/2021,SS_2,11:15,8.220000267,27.29999924,31.29999924,50.09999847,.95,37.23944,75.85375,Croaker,5,1,Some bay anchovy and croaker have parasites,"Cora Baird, Michael Cornish, Alex Marshall, Kay Schlacter, Luana",50,245,2962,506,10/27/2021
6/8/2021,SS_2,11:15,8.220000267,27.29999924,31.29999924,50.09999847,.95,37.23944,75.85375,Croaker,7.5,1,Some bay anchovy and croaker have parasites,"Cora Baird, Michael Cornish, Alex Marshall, Kay Schlacter, Luana",50,245,2901,506,10/27/2021
6/8/2021,SS_2,11:15,8.220000267,27.29999924,31.29999924,50.09999847,.95,37.23944,75.85375,Croaker,7,1,Some bay anchovy and croaker have parasites,"Cora Baird, Michael Cornish, Alex Marshall, Kay Schlacter, Luana",50,245,2964,506,10/27/2021
6/8/2021,SS_2,11:15,8.220000267,27.29999924,31.29999924,50.09999847,.95,37.23944,75.85375,Croaker,4.5,1,Some bay anchovy and croaker have parasites,"Cora Baird, Michael Cornish, Alex Marshall, Kay Schlacter, Luana",50,245,2965,506,10/27/2021
6/8/2021,SS_2,11:15,8.220000267,27.29999924,31.29999924,50.09999847,.95,37.23944,75.85375,Croaker,5,1,Some bay anchovy and croaker have parasites,"Cora Baird, Michael Cornish, Alex Marshall, Kay Schlacter, Luana",50,245,2966,506,10/27/2021
6/8/2021,SS_2,11:15,8.220000267,27.29999924,31.29999924,50.09999847,.95,37.23944,75.85375,Croaker,5.5,1,Some bay anchovy and croaker have parasites,"Cora Baird, Michael Cornish, Alex Marshall, Kay Schlacter, Luana",50,245,2967,506,10/27/2021
6/8/2021,SS_2,11:15,8.220000267,27.29999924,31.29999924,50.09999847,.95,37.23944,75.85375,Croaker,3.5,1,Some bay anchovy and croaker have parasites,"Cora Baird, Michael Cornish, Alex Marshall, Kay Schlacter, Luana",50,245,2968,506,10/27/2021
6/8/2021,SS_2,11:15,8.220000267,27.29999924,31.29999924,50.09999847,.95,37.23944,75.85375,Croaker,5,1,Some bay anchovy and croaker have parasites,"Cora Baird, Michael Cornish, Alex Marshall, Kay Schlacter, Luana",50,245,2961,506,10/27/2021
6/8/2021,SS_2,11:15,8.220000267,27.29999924,31.29999924,50.09999847,.95,37.23944,75.85375,Croaker,8,1,Some bay anchovy and croaker have parasites,"Cora Baird, Michael Cornish, Alex Marshall, Kay Schlacter, Luana",50,245,2907,506,10/27/2021
6/8/2021,SS_2,11:15,8.220000267,27.29999924,31.29999924,50.09999847,.95,37.23944,75.85375,Croaker,6,1,Some bay anchovy and croaker have parasites,"Cora Baird, Michael Cornish, Alex Marshall, Kay Schlacter, Luana",50,245,2949,506,10/27/2021
6/8/2021,SS_2,11:15,8.220000267,27.29999924,31.29999924,50.09999847,.95,37.23944,75.85375,Croaker,5,1,Some bay anchovy and croaker have parasites,"Cora Baird, Michael Cornish, Alex Marshall, Kay Schlacter, Luana",50,245,2951,506,10/27/2021
6/8/2021,SS_2,11:15,8.220000267,27.29999924,31.29999924,50.09999847,.95,37.23944,75.85375,Croaker,8,1,Some bay anchovy and croaker have parasites,"Cora Baird, Michael Cornish, Alex Marshall, Kay Schlacter, Luana",50,245,2936,506,10/27/2021
6/8/2021,SS_2,11:15,8.220000267,27.29999924,31.29999924,50.09999847,.95,37.23944,75.85375,Black Sea Bass,8,1,Some bay anchovy and croaker have parasites,"Cora Baird, Michael Cornish, Alex Marshall, Kay Schlacter, Luana",50,245,2977,508,10/27/2021
6/8/2021,SS_2,11:15,8.220000267,27.29999924,31.29999924,50.09999847,.95,37.23944,75.85375,Black Sea Bass,10,1,Some bay anchovy and croaker have parasites,"Cora Baird, Michael Cornish, Alex Marshall, Kay Schlacter, Luana",50,245,2976,508,10/27/2021
6/8/2021,SS_2,11:15,8.220000267,27.29999924,31.29999924,50.09999847,.95,37.23944,75.85375,Black Sea Bass,2.5,1,Some bay anchovy and croaker have parasites,"Cora Baird, Michael Cornish, Alex Marshall, Kay Schlacter, Luana",50,245,2975,508,10/27/2021
6/8/2021,SS_2,11:15,8.220000267,27.29999924,31.29999924,50.09999847,.95,37.23944,75.85375,Croaker,8,1,Some bay anchovy and croaker have parasites,"Cora Baird, Michael Cornish, Alex Marshall, Kay Schlacter, Luana",50,245,2910,506,10/27/2021
6/8/2021,SS_2,11:15,8.220000267,27.29999924,31.29999924,50.09999847,.95,37.23944,75.85375,Croaker,6,1,Some bay anchovy and croaker have parasites,"Cora Baird, Michael Cornish, Alex Marshall, Kay Schlacter, Luana",50,245,2900,506,10/27/2021
6/8/2021,SS_2,11:15,8.220000267,27.29999924,31.29999924,50.09999847,.95,37.23944,75.85375,Croaker,4.5,1,Some bay anchovy and croaker have parasites,"Cora Baird, Michael Cornish, Alex Marshall, Kay Schlacter, Luana",50,245,2908,506,10/27/2021
6/8/2021,SS_2,11:15,8.220000267,27.29999924,31.29999924,50.09999847,.95,37.23944,75.85375,Croaker,3.5,1,Some bay anchovy and croaker have parasites,"Cora Baird, Michael Cornish, Alex Marshall, Kay Schlacter, Luana",50,245,2954,506,10/27/2021
6/8/2021,SS_2,11:15,8.220000267,27.29999924,31.29999924,50.09999847,.95,37.23944,75.85375,Croaker,3.5,1,Some bay anchovy and croaker have parasites,"Cora Baird, Michael Cornish, Alex Marshall, Kay Schlacter, Luana",50,245,2906,506,10/27/2021
6/8/2021,SS_2,11:15,8.220000267,27.29999924,31.29999924,50.09999847,.95,37.23944,75.85375,Croaker,3,1,Some bay anchovy and croaker have parasites,"Cora Baird, Michael Cornish, Alex Marshall, Kay Schlacter, Luana",50,245,2953,506,10/27/2021
6/8/2021,SS_2,11:15,8.220000267,27.29999924,31.29999924,50.09999847,.95,37.23944,75.85375,Croaker,8.5,1,Some bay anchovy and croaker have parasites,"Cora Baird, Michael Cornish, Alex Marshall, Kay Schlacter, Luana",50,245,2905,506,10/27/2021
6/8/2021,SS_2,11:15,8.220000267,27.29999924,31.29999924,50.09999847,.95,37.23944,75.85375,Croaker,5.5,1,Some bay anchovy and croaker have parasites,"Cora Baird, Michael Cornish, Alex Marshall, Kay Schlacter, Luana",50,245,2904,506,10/27/2021
6/8/2021,SS_2,11:15,8.220000267,27.29999924,31.29999924,50.09999847,.95,37.23944,75.85375,Croaker,3.5,1,Some bay anchovy and croaker have parasites,"Cora Baird, Michael Cornish, Alex Marshall, Kay Schlacter, Luana",50,245,2903,506,10/27/2021
6/8/2021,SS_2,11:15,8.220000267,27.29999924,31.29999924,50.09999847,.95,37.23944,75.85375,Croaker,3,1,Some bay anchovy and croaker have parasites,"Cora Baird, Michael Cornish, Alex Marshall, Kay Schlacter, Luana",50,245,2902,506,10/27/2021
6/8/2021,SS_2,11:15,8.220000267,27.29999924,31.29999924,50.09999847,.95,37.23944,75.85375,Croaker,8,1,Some bay anchovy and croaker have parasites,"Cora Baird, Michael Cornish, Alex Marshall, Kay Schlacter, Luana",50,245,2898,506,10/27/2021
6/8/2021,SS_2,11:15,8.220000267,27.29999924,31.29999924,50.09999847,.95,37.23944,75.85375,Croaker,6.5,1,Some bay anchovy and croaker have parasites,"Cora Baird, Michael Cornish, Alex Marshall, Kay Schlacter, Luana",50,245,2909,506,10/27/2021
6/8/2021,SS_2,11:15,8.220000267,27.29999924,31.29999924,50.09999847,.95,37.23944,75.85375,Pipefish,6.5,1,Some bay anchovy and croaker have parasites,"Cora Baird, Michael Cornish, Alex Marshall, Kay Schlacter, Luana",50,245,2879,505,10/27/2021
6/8/2021,SS_2,11:15,8.220000267,27.29999924,31.29999924,50.09999847,.95,37.23944,75.85375,Croaker,7,1,Some bay anchovy and croaker have parasites,"Cora Baird, Michael Cornish, Alex Marshall, Kay Schlacter, Luana",50,245,2969,506,10/27/2021
6/8/2021,SS_2,11:15,8.220000267,27.29999924,31.29999924,50.09999847,.95,37.23944,75.85375,Croaker,4.5,1,Some bay anchovy and croaker have parasites,"Cora Baird, Michael Cornish, Alex Marshall, Kay Schlacter, Luana",50,245,2950,506,10/27/2021
6/8/2021,SS_2,11:15,8.220000267,27.29999924,31.29999924,50.09999847,.95,37.23944,75.85375,Pipefish,5.5,1,Some bay anchovy and croaker have parasites,"Cora Baird, Michael Cornish, Alex Marshall, Kay Schlacter, Luana",50,245,2882,505,10/27/2021
6/8/2021,SS_2,11:15,8.220000267,27.29999924,31.29999924,50.09999847,.95,37.23944,75.85375,Pipefish,6.5,1,Some bay anchovy and croaker have parasites,"Cora Baird, Michael Cornish, Alex Marshall, Kay Schlacter, Luana",50,245,2881,505,10/27/2021
6/8/2021,SS_2,11:15,8.220000267,27.29999924,31.29999924,50.09999847,.95,37.23944,75.85375,Pipefish,7,1,Some bay anchovy and croaker have parasites,"Cora Baird, Michael Cornish, Alex Marshall, Kay Schlacter, Luana",50,245,2880,505,10/27/2021
6/8/2021,SS_2,11:15,8.220000267,27.29999924,31.29999924,50.09999847,.95,37.23944,75.85375,Croaker,3,1,Some bay anchovy and croaker have parasites,"Cora Baird, Michael Cornish, Alex Marshall, Kay Schlacter, Luana",50,245,2894,506,10/27/2021
6/8/2021,SS_2,11:15,8.220000267,27.29999924,31.29999924,50.09999847,.95,37.23944,75.85375,Croaker,4.5,1,Some bay anchovy and croaker have parasites,"Cora Baird, Michael Cornish, Alex Marshall, Kay Schlacter, Luana",50,245,2948,506,10/27/2021
6/8/2021,SS_2,11:15,8.220000267,27.29999924,31.29999924,50.09999847,.95,37.23944,75.85375,Croaker,4,1,Some bay anchovy and croaker have parasites,"Cora Baird, Michael Cornish, Alex Marshall, Kay Schlacter, Luana",50,245,2896,506,10/27/2021
6/8/2021,SS_2,11:15,8.220000267,27.29999924,31.29999924,50.09999847,.95,37.23944,75.85375,Pipefish,5.5,1,Some bay anchovy and croaker have parasites,"Cora Baird, Michael Cornish, Alex Marshall, Kay Schlacter, Luana",50,245,2884,505,10/27/2021
6/8/2021,SS_2,11:15,8.220000267,27.29999924,31.29999924,50.09999847,.95,37.23944,75.85375,Pipefish,9,1,Some bay anchovy and croaker have parasites,"Cora Baird, Michael Cornish, Alex Marshall, Kay Schlacter, Luana",50,245,2878,505,10/27/2021
6/8/2021,SS_2,11:15,8.220000267,27.29999924,31.29999924,50.09999847,.95,37.23944,75.85375,Pipefish,6,1,Some bay anchovy and croaker have parasites,"Cora Baird, Michael Cornish, Alex Marshall, Kay Schlacter, Luana",50,245,2877,505,10/27/2021
6/8/2021,SS_2,11:15,8.220000267,27.29999924,31.29999924,50.09999847,.95,37.23944,75.85375,Pipefish,8.5,1,Some bay anchovy and croaker have parasites,"Cora Baird, Michael Cornish, Alex Marshall, Kay Schlacter, Luana",50,245,2876,505,10/27/2021
6/8/2021,SS_2,11:15,8.220000267,27.29999924,31.29999924,50.09999847,.95,37.23944,75.85375,Pipefish,15.5,1,Some bay anchovy and croaker have parasites,"Cora Baird, Michael Cornish, Alex Marshall, Kay Schlacter, Luana",50,245,2875,505,10/27/2021
6/8/2021,SS_2,11:15,8.220000267,27.29999924,31.29999924,50.09999847,.95,37.23944,75.85375,Pipefish,6,1,Some bay anchovy and croaker have parasites,"Cora Baird, Michael Cornish, Alex Marshall, Kay Schlacter, Luana",50,245,2874,505,10/27/2021
6/8/2021,SS_2,11:15,8.220000267,27.29999924,31.29999924,50.09999847,.95,37.23944,75.85375,Pipefish,7.5,1,Some bay anchovy and croaker have parasites,"Cora Baird, Michael Cornish, Alex Marshall, Kay Schlacter, Luana",50,245,2873,505,10/27/2021
6/8/2021,SS_2,11:15,8.220000267,27.29999924,31.29999924,50.09999847,.95,37.23944,75.85375,Pipefish,17.5,1,Some bay anchovy and croaker have parasites,"Cora Baird, Michael Cornish, Alex Marshall, Kay Schlacter, Luana",50,245,2872,505,10/27/2021
6/8/2021,SS_2,11:15,8.220000267,27.29999924,31.29999924,50.09999847,.95,37.23944,75.85375,Croaker,4,1,Some bay anchovy and croaker have parasites,"Cora Baird, Michael Cornish, Alex Marshall, Kay Schlacter, Luana",50,245,2895,506,10/27/2021
6/8/2021,SS_2,11:15,8.220000267,27.29999924,31.29999924,50.09999847,.95,37.23944,75.85375,Croaker,4,1,Some bay anchovy and croaker have parasites,"Cora Baird, Michael Cornish, Alex Marshall, Kay Schlacter, Luana",50,245,2893,506,10/27/2021
6/8/2021,SS_2,11:15,8.220000267,27.29999924,31.29999924,50.09999847,.95,37.23944,75.85375,Croaker,3,1,Some bay anchovy and croaker have parasites,"Cora Baird, Michael Cornish, Alex Marshall, Kay Schlacter, Luana",50,245,2971,506,10/27/2021
6/8/2021,SS_2,11:15,8.220000267,27.29999924,31.29999924,50.09999847,.95,37.23944,75.85375,Croaker,4.5,1,Some bay anchovy and croaker have parasites,"Cora Baird, Michael Cornish, Alex Marshall, Kay Schlacter, Luana",50,245,2972,506,10/27/2021
6/8/2021,SS_2,11:15,8.220000267,27.29999924,31.29999924,50.09999847,.95,37.23944,75.85375,Croaker,4.5,1,Some bay anchovy and croaker have parasites,"Cora Baird, Michael Cornish, Alex Marshall, Kay Schlacter, Luana",50,245,2973,506,10/27/2021
6/8/2021,SS_2,11:15,8.220000267,27.29999924,31.29999924,50.09999847,.95,37.23944,75.85375,Croaker,5.5,1,Some bay anchovy and croaker have parasites,"Cora Baird, Michael Cornish, Alex Marshall, Kay Schlacter, Luana",50,245,2889,506,10/27/2021
6/8/2021,SS_2,11:15,8.220000267,27.29999924,31.29999924,50.09999847,.95,37.23944,75.85375,Croaker,4.5,1,Some bay anchovy and croaker have parasites,"Cora Baird, Michael Cornish, Alex Marshall, Kay Schlacter, Luana",50,245,2890,506,10/27/2021
6/8/2021,SS_2,11:15,8.220000267,27.29999924,31.29999924,50.09999847,.95,37.23944,75.85375,Croaker,3.5,1,Some bay anchovy and croaker have parasites,"Cora Baird, Michael Cornish, Alex Marshall, Kay Schlacter, Luana",50,245,2891,506,10/27/2021
6/8/2021,SS_2,11:15,8.220000267,27.29999924,31.29999924,50.09999847,.95,37.23944,75.85375,Pipefish,8.5,1,Some bay anchovy and croaker have parasites,"Cora Baird, Michael Cornish, Alex Marshall, Kay Schlacter, Luana",50,245,2883,505,10/27/2021
6/8/2021,SS_2,11:15,8.220000267,27.29999924,31.29999924,50.09999847,.95,37.23944,75.85375,Croaker,7,1,Some bay anchovy and croaker have parasites,"Cora Baird, Michael Cornish, Alex Marshall, Kay Schlacter, Luana",50,245,2897,506,10/27/2021
6/8/2021,SS_2,11:15,8.220000267,27.29999924,31.29999924,50.09999847,.95,37.23944,75.85375,Croaker,4,1,Some bay anchovy and croaker have parasites,"Cora Baird, Michael Cornish, Alex Marshall, Kay Schlacter, Luana",50,245,2970,506,10/27/2021
6/8/2021,SS_2,11:15,8.220000267,27.29999924,31.29999924,50.09999847,.95,37.23944,75.85375,Croaker,4.5,1,Some bay anchovy and croaker have parasites,"Cora Baird, Michael Cornish, Alex Marshall, Kay Schlacter, Luana",50,245,2916,506,10/27/2021
6/8/2021,SS_2,11:15,8.220000267,27.29999924,31.29999924,50.09999847,.95,37.23944,75.85375,Croaker,5,1,Some bay anchovy and croaker have parasites,"Cora Baird, Michael Cornish, Alex Marshall, Kay Schlacter, Luana",50,245,2917,506,10/27/2021
6/8/2021,SS_2,11:15,8.220000267,27.29999924,31.29999924,50.09999847,.95,37.23944,75.85375,Croaker,3,1,Some bay anchovy and croaker have parasites,"Cora Baird, Michael Cornish, Alex Marshall, Kay Schlacter, Luana",50,245,2918,506,10/27/2021
6/8/2021,SS_2,11:15,8.220000267,27.29999924,31.29999924,50.09999847,.95,37.23944,75.85375,Pipefish,6,1,Some bay anchovy and croaker have parasites,"Cora Baird, Michael Cornish, Alex Marshall, Kay Schlacter, Luana",50,245,2888,505,10/27/2021
6/8/2021,SS_2,11:15,8.220000267,27.29999924,31.29999924,50.09999847,.95,37.23944,75.85375,Pipefish,4,1,Some bay anchovy and croaker have parasites,"Cora Baird, Michael Cornish, Alex Marshall, Kay Schlacter, Luana",50,245,2887,505,10/27/2021
6/8/2021,SS_2,11:15,8.220000267,27.29999924,31.29999924,50.09999847,.95,37.23944,75.85375,Pipefish,9.5,1,Some bay anchovy and croaker have parasites,"Cora Baird, Michael Cornish, Alex Marshall, Kay Schlacter, Luana",50,245,2886,505,10/27/2021
6/8/2021,SS_2,11:15,8.220000267,27.29999924,31.29999924,50.09999847,.95,37.23944,75.85375,Pipefish,5.5,1,Some bay anchovy and croaker have parasites,"Cora Baird, Michael Cornish, Alex Marshall, Kay Schlacter, Luana",50,245,2885,505,10/27/2021
6/8/2021,SS_2,11:15,8.220000267,27.29999924,31.29999924,50.09999847,.95,37.23944,75.85375,Croaker,3.5,1,Some bay anchovy and croaker have parasites,"Cora Baird, Michael Cornish, Alex Marshall, Kay Schlacter, Luana",50,245,2892,506,10/27/2021
6/8/2021,SS_2,11:15,8.220000267,27.29999924,31.29999924,50.09999847,.95,37.23944,75.85375,Croaker,4.5,1,Some bay anchovy and croaker have parasites,"Cora Baird, Michael Cornish, Alex Marshall, Kay Schlacter, Luana",50,245,2928,506,10/27/2021
6/8/2021,SS_2,11:15,8.220000267,27.29999924,31.29999924,50.09999847,.95,37.23944,75.85375,Croaker,7,1,Some bay anchovy and croaker have parasites,"Cora Baird, Michael Cornish, Alex Marshall, Kay Schlacter, Luana",50,245,2932,506,10/27/2021
6/8/2021,SS_2,11:15,8.220000267,27.29999924,31.29999924,50.09999847,.95,37.23944,75.85375,Croaker,6.5,1,Some bay anchovy and croaker have parasites,"Cora Baird, Michael Cornish, Alex Marshall, Kay Schlacter, Luana",50,245,2924,506,10/27/2021
6/8/2021,SS_2,11:15,8.220000267,27.29999924,31.29999924,50.09999847,.95,37.23944,75.85375,Croaker,4,1,Some bay anchovy and croaker have parasites,"Cora Baird, Michael Cornish, Alex Marshall, Kay Schlacter, Luana",50,245,2923,506,10/27/2021
6/8/2021,SS_2,11:15,8.220000267,27.29999924,31.29999924,50.09999847,.95,37.23944,75.85375,Croaker,5,1,Some bay anchovy and croaker have parasites,"Cora Baird, Michael Cornish, Alex Marshall, Kay Schlacter, Luana",50,245,2913,506,10/27/2021
6/8/2021,SS_2,11:15,8.220000267,27.29999924,31.29999924,50.09999847,.95,37.23944,75.85375,Croaker,4,1,Some bay anchovy and croaker have parasites,"Cora Baird, Michael Cornish, Alex Marshall, Kay Schlacter, Luana",50,245,2912,506,10/27/2021
6/8/2021,SS_2,11:15,8.220000267,27.29999924,31.29999924,50.09999847,.95,37.23944,75.85375,Croaker,6,1,Some bay anchovy and croaker have parasites,"Cora Baird, Michael Cornish, Alex Marshall, Kay Schlacter, Luana",50,245,2939,506,10/27/2021
6/8/2021,SS_2,11:15,8.220000267,27.29999924,31.29999924,50.09999847,.95,37.23944,75.85375,Croaker,8,1,Some bay anchovy and croaker have parasites,"Cora Baird, Michael Cornish, Alex Marshall, Kay Schlacter, Luana",50,245,2938,506,10/27/2021
6/8/2021,SS_2,11:15,8.220000267,27.29999924,31.29999924,50.09999847,.95,37.23944,75.85375,Croaker,4,1,Some bay anchovy and croaker have parasites,"Cora Baird, Michael Cornish, Alex Marshall, Kay Schlacter, Luana",50,245,2937,506,10/27/2021
6/8/2021,SS_2,11:15,8.220000267,27.29999924,31.29999924,50.09999847,.95,37.23944,75.85375,Croaker,8,1,Some bay anchovy and croaker have parasites,"Cora Baird, Michael Cornish, Alex Marshall, Kay Schlacter, Luana",50,245,2925,506,10/27/2021
6/8/2021,SS_2,11:15,8.220000267,27.29999924,31.29999924,50.09999847,.95,37.23944,75.85375,Croaker,5,1,Some bay anchovy and croaker have parasites,"Cora Baird, Michael Cornish, Alex Marshall, Kay Schlacter, Luana",50,245,2915,506,10/27/2021
6/8/2021,SS_2,11:15,8.220000267,27.29999924,31.29999924,50.09999847,.95,37.23944,75.85375,Croaker,8.5,1,Some bay anchovy and croaker have parasites,"Cora Baird, Michael Cornish, Alex Marshall, Kay Schlacter, Luana",50,245,2927,506,10/27/2021
6/8/2021,SS_2,11:15,8.220000267,27.29999924,31.29999924,50.09999847,.95,37.23944,75.85375,Croaker,4.5,1,Some bay anchovy and croaker have parasites,"Cora Baird, Michael Cornish, Alex Marshall, Kay Schlacter, Luana",50,245,2911,506,10/27/2021
6/8/2021,SS_2,11:15,8.220000267,27.29999924,31.29999924,50.09999847,.95,37.23944,75.85375,Croaker,4,1,Some bay anchovy and croaker have parasites,"Cora Baird, Michael Cornish, Alex Marshall, Kay Schlacter, Luana",50,245,2929,506,10/27/2021
6/8/2021,SS_2,11:15,8.220000267,27.29999924,31.29999924,50.09999847,.95,37.23944,75.85375,Croaker,8,1,Some bay anchovy and croaker have parasites,"Cora Baird, Michael Cornish, Alex Marshall, Kay Schlacter, Luana",50,245,2920,506,10/27/2021
6/8/2021,SS_2,11:15,8.220000267,27.29999924,31.29999924,50.09999847,.95,37.23944,75.85375,Croaker,4.5,1,Some bay anchovy and croaker have parasites,"Cora Baird, Michael Cornish, Alex Marshall, Kay Schlacter, Luana",50,245,2922,506,10/27/2021
6/8/2021,SS_2,11:15,8.220000267,27.29999924,31.29999924,50.09999847,.95,37.23944,75.85375,Croaker,4,1,Some bay anchovy and croaker have parasites,"Cora Baird, Michael Cornish, Alex Marshall, Kay Schlacter, Luana",50,245,2930,506,10/27/2021
6/8/2021,SS_2,11:15,8.220000267,27.29999924,31.29999924,50.09999847,.95,37.23944,75.85375,Croaker,8.5,1,Some bay anchovy and croaker have parasites,"Cora Baird, Michael Cornish, Alex Marshall, Kay Schlacter, Luana",50,245,2919,506,10/27/2021
6/8/2021,SS_2,11:15,8.220000267,27.29999924,31.29999924,50.09999847,.95,37.23944,75.85375,Croaker,5.5,1,Some bay anchovy and croaker have parasites,"Cora Baird, Michael Cornish, Alex Marshall, Kay Schlacter, Luana",50,245,2931,506,10/27/2021
6/8/2021,SS_2,11:15,8.220000267,27.29999924,31.29999924,50.09999847,.95,37.23944,75.85375,Croaker,9,1,Some bay anchovy and croaker have parasites,"Cora Baird, Michael Cornish, Alex Marshall, Kay Schlacter, Luana",50,245,2935,506,10/27/2021
6/8/2021,SS_2,11:15,8.220000267,27.29999924,31.29999924,50.09999847,.95,37.23944,75.85375,Croaker,5,1,Some bay anchovy and croaker have parasites,"Cora Baird, Michael Cornish, Alex Marshall, Kay Schlacter, Luana",50,245,2934,506,10/27/2021
6/8/2021,SS_2,11:15,8.220000267,27.29999924,31.29999924,50.09999847,.95,37.23944,75.85375,Croaker,3.5,1,Some bay anchovy and croaker have parasites,"Cora Baird, Michael Cornish, Alex Marshall, Kay Schlacter, Luana",50,245,2933,506,10/27/2021
6/8/2021,SS_2,11:15,8.220000267,27.29999924,31.29999924,50.09999847,.95,37.23944,75.85375,Croaker,9,1,Some bay anchovy and croaker have parasites,"Cora Baird, Michael Cornish, Alex Marshall, Kay Schlacter, Luana",50,245,2926,506,10/27/2021
6/8/2021,SS_2,11:15,8.220000267,27.29999924,31.29999924,50.09999847,.95,37.23944,75.85375,Croaker,7.5,1,Some bay anchovy and croaker have parasites,"Cora Baird, Michael Cornish, Alex Marshall, Kay Schlacter, Luana",50,245,2940,506,10/27/2021
6/8/2021,SS_2,11:15,8.220000267,27.29999924,31.29999924,50.09999847,.95,37.23944,75.85375,Croaker,8,1,Some bay anchovy and croaker have parasites,"Cora Baird, Michael Cornish, Alex Marshall, Kay Schlacter, Luana",50,245,2946,506,10/27/2021
6/8/2021,SS_2,11:15,8.220000267,27.29999924,31.29999924,50.09999847,.95,37.23944,75.85375,Croaker,4.5,1,Some bay anchovy and croaker have parasites,"Cora Baird, Michael Cornish, Alex Marshall, Kay Schlacter, Luana",50,245,2945,506,10/27/2021
6/8/2021,SS_2,11:15,8.220000267,27.29999924,31.29999924,50.09999847,.95,37.23944,75.85375,Croaker,3,1,Some bay anchovy and croaker have parasites,"Cora Baird, Michael Cornish, Alex Marshall, Kay Schlacter, Luana",50,245,2921,506,10/27/2021
6/8/2021,SS_2,11:15,8.220000267,27.29999924,31.29999924,50.09999847,.95,37.23944,75.85375,Croaker,6,1,Some bay anchovy and croaker have parasites,"Cora Baird, Michael Cornish, Alex Marshall, Kay Schlacter, Luana",50,245,2944,506,10/27/2021
6/8/2021,SS_2,11:15,8.220000267,27.29999924,31.29999924,50.09999847,.95,37.23944,75.85375,Croaker,3.5,1,Some bay anchovy and croaker have parasites,"Cora Baird, Michael Cornish, Alex Marshall, Kay Schlacter, Luana",50,245,2943,506,10/27/2021
6/8/2021,SS_2,11:15,8.220000267,27.29999924,31.29999924,50.09999847,.95,37.23944,75.85375,Croaker,7,1,Some bay anchovy and croaker have parasites,"Cora Baird, Michael Cornish, Alex Marshall, Kay Schlacter, Luana",50,245,2914,506,10/27/2021
6/8/2021,SS_2,11:15,8.220000267,27.29999924,31.29999924,50.09999847,.95,37.23944,75.85375,Croaker,3.5,1,Some bay anchovy and croaker have parasites,"Cora Baird, Michael Cornish, Alex Marshall, Kay Schlacter, Luana",50,245,2941,506,10/27/2021
6/8/2021,SS_2,11:15,8.220000267,27.29999924,31.29999924,50.09999847,.95,37.23944,75.85375,Pinfish,6,1,Some bay anchovy and croaker have parasites,"Cora Baird, Michael Cornish, Alex Marshall, Kay Schlacter, Luana",50,245,2974,507,10/27/2021
6/8/2021,SS_2,11:15,8.220000267,27.29999924,31.29999924,50.09999847,.95,37.23944,75.85375,Bay Anchovy,5,1,Some bay anchovy and croaker have parasites,"Cora Baird, Michael Cornish, Alex Marshall, Kay Schlacter, Luana",50,245,2871,504,10/27/2021
6/8/2021,SS_2,11:15,8.220000267,27.29999924,31.29999924,50.09999847,.95,37.23944,75.85375,Bay Anchovy,6.5,1,Some bay anchovy and croaker have parasites,"Cora Baird, Michael Cornish, Alex Marshall, Kay Schlacter, Luana",50,245,2870,504,10/27/2021
6/8/2021,SS_2,11:15,8.220000267,27.29999924,31.29999924,50.09999847,.95,37.23944,75.85375,Bay Anchovy,6,6,Some bay anchovy and croaker have parasites,"Cora Baird, Michael Cornish, Alex Marshall, Kay Schlacter, Luana",50,245,2869,504,10/27/2021
6/8/2021,SS_2,11:15,8.220000267,27.29999924,31.29999924,50.09999847,.95,37.23944,75.85375,Bay Anchovy,5.5,9,Some bay anchovy and croaker have parasites,"Cora Baird, Michael Cornish, Alex Marshall, Kay Schlacter, Luana",50,245,2868,504,10/27/2021
6/8/2021,SS_2,11:15,8.220000267,27.29999924,31.29999924,50.09999847,.95,37.23944,75.85375,Croaker,3,1,Some bay anchovy and croaker have parasites,"Cora Baird, Michael Cornish, Alex Marshall, Kay Schlacter, Luana",50,245,2952,506,10/27/2021
6/8/2021,SS_2,11:15,8.220000267,27.29999924,31.29999924,50.09999847,.95,37.23944,75.85375,Croaker,7.5,1,Some bay anchovy and croaker have parasites,"Cora Baird, Michael Cornish, Alex Marshall, Kay Schlacter, Luana",50,245,2947,506,10/27/2021
6/8/2021,SS_2,11:15,8.220000267,27.29999924,31.29999924,50.09999847,.95,37.23944,75.85375,Croaker,5,1,Some bay anchovy and croaker have parasites,"Cora Baird, Michael Cornish, Alex Marshall, Kay Schlacter, Luana",50,245,2942,506,10/27/2021
6/8/2021,SS_3,12:10,9.579999924,27.20000076,31.29999924,50.09999847,.7,37.23095,75.85041,Croaker,4.5,1,Atlantic croaker had parasites,"Cora Baird, Michael Cornish, Alex Marshall, Kay Schlacter, Luana",50,246,3004,511,10/27/2021
6/8/2021,SS_3,12:10,9.579999924,27.20000076,31.29999924,50.09999847,.7,37.23095,75.85041,Pipefish,5.5,1,Atlantic croaker had parasites,"Cora Baird, Michael Cornish, Alex Marshall, Kay Schlacter, Luana",50,246,2985,510,10/27/2021
6/8/2021,SS_3,12:10,9.579999924,27.20000076,31.29999924,50.09999847,.7,37.23095,75.85041,Croaker,7.5,1,Atlantic croaker had parasites,"Cora Baird, Michael Cornish, Alex Marshall, Kay Schlacter, Luana",50,246,3001,511,10/27/2021
6/8/2021,SS_3,12:10,9.579999924,27.20000076,31.29999924,50.09999847,.7,37.23095,75.85041,Pipefish,17,1,Atlantic croaker had parasites,"Cora Baird, Michael Cornish, Alex Marshall, Kay Schlacter, Luana",50,246,2980,510,10/27/2021
6/8/2021,SS_3,12:10,9.579999924,27.20000076,31.29999924,50.09999847,.7,37.23095,75.85041,Croaker,4.5,1,Atlantic croaker had parasites,"Cora Baird, Michael Cornish, Alex Marshall, Kay Schlacter, Luana",50,246,3002,511,10/27/2021
6/8/2021,SS_3,12:10,9.579999924,27.20000076,31.29999924,50.09999847,.7,37.23095,75.85041,Croaker,8.5,1,Atlantic croaker had parasites,"Cora Baird, Michael Cornish, Alex Marshall, Kay Schlacter, Luana",50,246,3005,511,10/27/2021
6/8/2021,SS_3,12:10,9.579999924,27.20000076,31.29999924,50.09999847,.7,37.23095,75.85041,Croaker,6.5,1,Atlantic croaker had parasites,"Cora Baird, Michael Cornish, Alex Marshall, Kay Schlacter, Luana",50,246,3006,511,10/27/2021
6/8/2021,SS_3,12:10,9.579999924,27.20000076,31.29999924,50.09999847,.7,37.23095,75.85041,Croaker,8,1,Atlantic croaker had parasites,"Cora Baird, Michael Cornish, Alex Marshall, Kay Schlacter, Luana",50,246,3007,511,10/27/2021
6/8/2021,SS_3,12:10,9.579999924,27.20000076,31.29999924,50.09999847,.7,37.23095,75.85041,Croaker,4.5,1,Atlantic croaker had parasites,"Cora Baird, Michael Cornish, Alex Marshall, Kay Schlacter, Luana",50,246,3022,511,10/27/2021
6/8/2021,SS_3,12:10,9.579999924,27.20000076,31.29999924,50.09999847,.7,37.23095,75.85041,Croaker,3.5,1,Atlantic croaker had parasites,"Cora Baird, Michael Cornish, Alex Marshall, Kay Schlacter, Luana",50,246,3038,511,10/27/2021
6/8/2021,SS_3,12:10,9.579999924,27.20000076,31.29999924,50.09999847,.7,37.23095,75.85041,Croaker,9,1,Atlantic croaker had parasites,"Cora Baird, Michael Cornish, Alex Marshall, Kay Schlacter, Luana",50,246,3039,511,10/27/2021
6/8/2021,SS_3,12:10,9.579999924,27.20000076,31.29999924,50.09999847,.7,37.23095,75.85041,Croaker,5,1,Atlantic croaker had parasites,"Cora Baird, Michael Cornish, Alex Marshall, Kay Schlacter, Luana",50,246,3040,511,10/27/2021
6/8/2021,SS_3,12:10,9.579999924,27.20000076,31.29999924,50.09999847,.7,37.23095,75.85041,Croaker,4.5,1,Atlantic croaker had parasites,"Cora Baird, Michael Cornish, Alex Marshall, Kay Schlacter, Luana",50,246,3041,511,10/27/2021
6/8/2021,SS_3,12:10,9.579999924,27.20000076,31.29999924,50.09999847,.7,37.23095,75.85041,Croaker,8,1,Atlantic croaker had parasites,"Cora Baird, Michael Cornish, Alex Marshall, Kay Schlacter, Luana",50,246,3042,511,10/27/2021
6/8/2021,SS_3,12:10,9.579999924,27.20000076,31.29999924,50.09999847,.7,37.23095,75.85041,Croaker,4,1,Atlantic croaker had parasites,"Cora Baird, Michael Cornish, Alex Marshall, Kay Schlacter, Luana",50,246,3043,511,10/27/2021
6/8/2021,SS_3,12:10,9.579999924,27.20000076,31.29999924,50.09999847,.7,37.23095,75.85041,Croaker,2.5,1,Atlantic croaker had parasites,"Cora Baird, Michael Cornish, Alex Marshall, Kay Schlacter, Luana",50,246,3044,511,10/27/2021
6/8/2021,SS_3,12:10,9.579999924,27.20000076,31.29999924,50.09999847,.7,37.23095,75.85041,Croaker,5,1,Atlantic croaker had parasites,"Cora Baird, Michael Cornish, Alex Marshall, Kay Schlacter, Luana",50,246,3045,511,10/27/2021
6/8/2021,SS_3,12:10,9.579999924,27.20000076,31.29999924,50.09999847,.7,37.23095,75.85041,Croaker,5,1,Atlantic croaker had parasites,"Cora Baird, Michael Cornish, Alex Marshall, Kay Schlacter, Luana",50,246,3046,511,10/27/2021
6/8/2021,SS_3,12:10,9.579999924,27.20000076,31.29999924,50.09999847,.7,37.23095,75.85041,Croaker,3.5,1,Atlantic croaker had parasites,"Cora Baird, Michael Cornish, Alex Marshall, Kay Schlacter, Luana",50,246,3047,511,10/27/2021
6/8/2021,SS_3,12:10,9.579999924,27.20000076,31.29999924,50.09999847,.7,37.23095,75.85041,Croaker,4.5,1,Atlantic croaker had parasites,"Cora Baird, Michael Cornish, Alex Marshall, Kay Schlacter, Luana",50,246,3048,511,10/27/2021
6/8/2021,SS_3,12:10,9.579999924,27.20000076,31.29999924,50.09999847,.7,37.23095,75.85041,Croaker,5,1,Atlantic croaker had parasites,"Cora Baird, Michael Cornish, Alex Marshall, Kay Schlacter, Luana",50,246,3049,511,10/27/2021
6/8/2021,SS_3,12:10,9.579999924,27.20000076,31.29999924,50.09999847,.7,37.23095,75.85041,Pipefish,16,1,Atlantic croaker had parasites,"Cora Baird, Michael Cornish, Alex Marshall, Kay Schlacter, Luana",50,246,2983,510,10/27/2021
6/8/2021,SS_3,12:10,9.579999924,27.20000076,31.29999924,50.09999847,.7,37.23095,75.85041,Croaker,7,1,Atlantic croaker had parasites,"Cora Baird, Michael Cornish, Alex Marshall, Kay Schlacter, Luana",50,246,3003,511,10/27/2021
6/8/2021,SS_3,12:10,9.579999924,27.20000076,31.29999924,50.09999847,.7,37.23095,75.85041,Pipefish,18,1,Atlantic croaker had parasites,"Cora Baird, Michael Cornish, Alex Marshall, Kay Schlacter, Luana",50,246,2981,510,10/27/2021
6/8/2021,SS_3,12:10,9.579999924,27.20000076,31.29999924,50.09999847,.7,37.23095,75.85041,Croaker,7,1,Atlantic croaker had parasites,"Cora Baird, Michael Cornish, Alex Marshall, Kay Schlacter, Luana",50,246,3023,511,10/27/2021
6/8/2021,SS_3,12:10,9.579999924,27.20000076,31.29999924,50.09999847,.7,37.23095,75.85041,Croaker,6.5,1,Atlantic croaker had parasites,"Cora Baird, Michael Cornish, Alex Marshall, Kay Schlacter, Luana",50,246,3024,511,10/27/2021
6/8/2021,SS_3,12:10,9.579999924,27.20000076,31.29999924,50.09999847,.7,37.23095,75.85041,Croaker,4,1,Atlantic croaker had parasites,"Cora Baird, Michael Cornish, Alex Marshall, Kay Schlacter, Luana",50,246,3025,511,10/27/2021
6/8/2021,SS_3,12:10,9.579999924,27.20000076,31.29999924,50.09999847,.7,37.23095,75.85041,Croaker,4,1,Atlantic croaker had parasites,"Cora Baird, Michael Cornish, Alex Marshall, Kay Schlacter, Luana",50,246,3020,511,10/27/2021
6/8/2021,SS_3,12:10,9.579999924,27.20000076,31.29999924,50.09999847,.7,37.23095,75.85041,Pipefish,8.5,1,Atlantic croaker had parasites,"Cora Baird, Michael Cornish, Alex Marshall, Kay Schlacter, Luana",50,246,2989,510,10/27/2021
6/8/2021,SS_3,12:10,9.579999924,27.20000076,31.29999924,50.09999847,.7,37.23095,75.85041,Pipefish,16.5,1,Atlantic croaker had parasites,"Cora Baird, Michael Cornish, Alex Marshall, Kay Schlacter, Luana",50,246,2988,510,10/27/2021
6/8/2021,SS_3,12:10,9.579999924,27.20000076,31.29999924,50.09999847,.7,37.23095,75.85041,Pipefish,7.5,1,Atlantic croaker had parasites,"Cora Baird, Michael Cornish, Alex Marshall, Kay Schlacter, Luana",50,246,2987,510,10/27/2021
6/8/2021,SS_3,12:10,9.579999924,27.20000076,31.29999924,50.09999847,.7,37.23095,75.85041,Pipefish,17,1,Atlantic croaker had parasites,"Cora Baird, Michael Cornish, Alex Marshall, Kay Schlacter, Luana",50,246,2986,510,10/27/2021
6/8/2021,SS_3,12:10,9.579999924,27.20000076,31.29999924,50.09999847,.7,37.23095,75.85041,Croaker,7,1,Atlantic croaker had parasites,"Cora Baird, Michael Cornish, Alex Marshall, Kay Schlacter, Luana",50,246,3017,511,10/27/2021
6/8/2021,SS_3,12:10,9.579999924,27.20000076,31.29999924,50.09999847,.7,37.23095,75.85041,Pipefish,17.5,1,Atlantic croaker had parasites,"Cora Baird, Michael Cornish, Alex Marshall, Kay Schlacter, Luana",50,246,2984,510,10/27/2021
6/8/2021,SS_3,12:10,9.579999924,27.20000076,31.29999924,50.09999847,.7,37.23095,75.85041,Croaker,7.5,1,Atlantic croaker had parasites,"Cora Baird, Michael Cornish, Alex Marshall, Kay Schlacter, Luana",50,246,3008,511,10/27/2021
6/8/2021,SS_3,12:10,9.579999924,27.20000076,31.29999924,50.09999847,.7,37.23095,75.85041,Pipefish,8,1,Atlantic croaker had parasites,"Cora Baird, Michael Cornish, Alex Marshall, Kay Schlacter, Luana",50,246,2982,510,10/27/2021
6/8/2021,SS_3,12:10,9.579999924,27.20000076,31.29999924,50.09999847,.7,37.23095,75.85041,Croaker,4,1,Atlantic croaker had parasites,"Cora Baird, Michael Cornish, Alex Marshall, Kay Schlacter, Luana",50,246,3036,511,10/27/2021
6/8/2021,SS_3,12:10,9.579999924,27.20000076,31.29999924,50.09999847,.7,37.23095,75.85041,Croaker,4.5,1,Atlantic croaker had parasites,"Cora Baird, Michael Cornish, Alex Marshall, Kay Schlacter, Luana",50,246,2990,511,10/27/2021
6/8/2021,SS_3,12:10,9.579999924,27.20000076,31.29999924,50.09999847,.7,37.23095,75.85041,Croaker,4.5,1,Atlantic croaker had parasites,"Cora Baird, Michael Cornish, Alex Marshall, Kay Schlacter, Luana",50,246,3009,511,10/27/2021
6/8/2021,SS_3,12:10,9.579999924,27.20000076,31.29999924,50.09999847,.7,37.23095,75.85041,Croaker,9,1,Atlantic croaker had parasites,"Cora Baird, Michael Cornish, Alex Marshall, Kay Schlacter, Luana",50,246,2997,511,10/27/2021
6/8/2021,SS_3,12:10,9.579999924,27.20000076,31.29999924,50.09999847,.7,37.23095,75.85041,Croaker,4.5,1,Atlantic croaker had parasites,"Cora Baird, Michael Cornish, Alex Marshall, Kay Schlacter, Luana",50,246,3015,511,10/27/2021
6/8/2021,SS_3,12:10,9.579999924,27.20000076,31.29999924,50.09999847,.7,37.23095,75.85041,Croaker,4.5,1,Atlantic croaker had parasites,"Cora Baird, Michael Cornish, Alex Marshall, Kay Schlacter, Luana",50,246,2995,511,10/27/2021
6/8/2021,SS_3,12:10,9.579999924,27.20000076,31.29999924,50.09999847,.7,37.23095,75.85041,Croaker,5,1,Atlantic croaker had parasites,"Cora Baird, Michael Cornish, Alex Marshall, Kay Schlacter, Luana",50,246,2994,511,10/27/2021
6/8/2021,SS_3,12:10,9.579999924,27.20000076,31.29999924,50.09999847,.7,37.23095,75.85041,Pinfish,5,1,Atlantic croaker had parasites,"Cora Baird, Michael Cornish, Alex Marshall, Kay Schlacter, Luana",50,246,3055,512,10/27/2021
6/8/2021,SS_3,12:10,9.579999924,27.20000076,31.29999924,50.09999847,.7,37.23095,75.85041,Pinfish,2.5,1,Atlantic croaker had parasites,"Cora Baird, Michael Cornish, Alex Marshall, Kay Schlacter, Luana",50,246,3054,512,10/27/2021
6/8/2021,SS_3,12:10,9.579999924,27.20000076,31.29999924,50.09999847,.7,37.23095,75.85041,Croaker,7.5,1,Atlantic croaker had parasites,"Cora Baird, Michael Cornish, Alex Marshall, Kay Schlacter, Luana",50,246,2993,511,10/27/2021
6/8/2021,SS_3,12:10,9.579999924,27.20000076,31.29999924,50.09999847,.7,37.23095,75.85041,Croaker,3,1,Atlantic croaker had parasites,"Cora Baird, Michael Cornish, Alex Marshall, Kay Schlacter, Luana",50,246,2999,511,10/27/2021
6/8/2021,SS_3,12:10,9.579999924,27.20000076,31.29999924,50.09999847,.7,37.23095,75.85041,Croaker,8.5,1,Atlantic croaker had parasites,"Cora Baird, Michael Cornish, Alex Marshall, Kay Schlacter, Luana",50,246,2991,511,10/27/2021
6/8/2021,SS_3,12:10,9.579999924,27.20000076,31.29999924,50.09999847,.7,37.23095,75.85041,Croaker,7.5,1,Atlantic croaker had parasites,"Cora Baird, Michael Cornish, Alex Marshall, Kay Schlacter, Luana",50,246,2998,511,10/27/2021
6/8/2021,SS_3,12:10,9.579999924,27.20000076,31.29999924,50.09999847,.7,37.23095,75.85041,Pinfish,5.5,1,Atlantic croaker had parasites,"Cora Baird, Michael Cornish, Alex Marshall, Kay Schlacter, Luana",50,246,3053,512,10/27/2021
6/8/2021,SS_3,12:10,9.579999924,27.20000076,31.29999924,50.09999847,.7,37.23095,75.85041,Pinfish,6.5,1,Atlantic croaker had parasites,"Cora Baird, Michael Cornish, Alex Marshall, Kay Schlacter, Luana",50,246,3052,512,10/27/2021
6/8/2021,SS_3,12:10,9.579999924,27.20000076,31.29999924,50.09999847,.7,37.23095,75.85041,Pinfish,3,1,Atlantic croaker had parasites,"Cora Baird, Michael Cornish, Alex Marshall, Kay Schlacter, Luana",50,246,3051,512,10/27/2021
6/8/2021,SS_3,12:10,9.579999924,27.20000076,31.29999924,50.09999847,.7,37.23095,75.85041,Pinfish,6,1,Atlantic croaker had parasites,"Cora Baird, Michael Cornish, Alex Marshall, Kay Schlacter, Luana",50,246,3050,512,10/27/2021
6/8/2021,SS_3,12:10,9.579999924,27.20000076,31.29999924,50.09999847,.7,37.23095,75.85041,Croaker,7,1,Atlantic croaker had parasites,"Cora Baird, Michael Cornish, Alex Marshall, Kay Schlacter, Luana",50,246,3037,511,10/27/2021
6/8/2021,SS_3,12:10,9.579999924,27.20000076,31.29999924,50.09999847,.7,37.23095,75.85041,Croaker,5,1,Atlantic croaker had parasites,"Cora Baird, Michael Cornish, Alex Marshall, Kay Schlacter, Luana",50,246,3019,511,10/27/2021
6/8/2021,SS_3,12:10,9.579999924,27.20000076,31.29999924,50.09999847,.7,37.23095,75.85041,Croaker,5,1,Atlantic croaker had parasites,"Cora Baird, Michael Cornish, Alex Marshall, Kay Schlacter, Luana",50,246,3026,511,10/27/2021
6/8/2021,SS_3,12:10,9.579999924,27.20000076,31.29999924,50.09999847,.7,37.23095,75.85041,Croaker,9,1,Atlantic croaker had parasites,"Cora Baird, Michael Cornish, Alex Marshall, Kay Schlacter, Luana",50,246,3027,511,10/27/2021
6/8/2021,SS_3,12:10,9.579999924,27.20000076,31.29999924,50.09999847,.7,37.23095,75.85041,Croaker,9,1,Atlantic croaker had parasites,"Cora Baird, Michael Cornish, Alex Marshall, Kay Schlacter, Luana",50,246,2992,511,10/27/2021
6/8/2021,SS_3,12:10,9.579999924,27.20000076,31.29999924,50.09999847,.7,37.23095,75.85041,Croaker,6.5,1,Atlantic croaker had parasites,"Cora Baird, Michael Cornish, Alex Marshall, Kay Schlacter, Luana",50,246,3016,511,10/27/2021
6/8/2021,SS_3,12:10,9.579999924,27.20000076,31.29999924,50.09999847,.7,37.23095,75.85041,Croaker,5.5,1,Atlantic croaker had parasites,"Cora Baird, Michael Cornish, Alex Marshall, Kay Schlacter, Luana",50,246,3010,511,10/27/2021
6/8/2021,SS_3,12:10,9.579999924,27.20000076,31.29999924,50.09999847,.7,37.23095,75.85041,Croaker,6,1,Atlantic croaker had parasites,"Cora Baird, Michael Cornish, Alex Marshall, Kay Schlacter, Luana",50,246,3011,511,10/27/2021
6/8/2021,SS_3,12:10,9.579999924,27.20000076,31.29999924,50.09999847,.7,37.23095,75.85041,Croaker,5.5,1,Atlantic croaker had parasites,"Cora Baird, Michael Cornish, Alex Marshall, Kay Schlacter, Luana",50,246,3012,511,10/27/2021
6/8/2021,SS_3,12:10,9.579999924,27.20000076,31.29999924,50.09999847,.7,37.23095,75.85041,Croaker,5.5,1,Atlantic croaker had parasites,"Cora Baird, Michael Cornish, Alex Marshall, Kay Schlacter, Luana",50,246,3013,511,10/27/2021
6/8/2021,SS_3,12:10,9.579999924,27.20000076,31.29999924,50.09999847,.7,37.23095,75.85041,Bay Anchovy,5,1,Atlantic croaker had parasites,"Cora Baird, Michael Cornish, Alex Marshall, Kay Schlacter, Luana",50,246,2979,509,10/27/2021
6/8/2021,SS_3,12:10,9.579999924,27.20000076,31.29999924,50.09999847,.7,37.23095,75.85041,Croaker,7.5,1,Atlantic croaker had parasites,"Cora Baird, Michael Cornish, Alex Marshall, Kay Schlacter, Luana",50,246,2996,511,10/27/2021
6/8/2021,SS_3,12:10,9.579999924,27.20000076,31.29999924,50.09999847,.7,37.23095,75.85041,Croaker,6.5,1,Atlantic croaker had parasites,"Cora Baird, Michael Cornish, Alex Marshall, Kay Schlacter, Luana",50,246,3014,511,10/27/2021
6/8/2021,SS_3,12:10,9.579999924,27.20000076,31.29999924,50.09999847,.7,37.23095,75.85041,Croaker,8,1,Atlantic croaker had parasites,"Cora Baird, Michael Cornish, Alex Marshall, Kay Schlacter, Luana",50,246,3000,511,10/27/2021
6/8/2021,SS_3,12:10,9.579999924,27.20000076,31.29999924,50.09999847,.7,37.23095,75.85041,Croaker,7,1,Atlantic croaker had parasites,"Cora Baird, Michael Cornish, Alex Marshall, Kay Schlacter, Luana",50,246,3018,511,10/27/2021
6/8/2021,SS_3,12:10,9.579999924,27.20000076,31.29999924,50.09999847,.7,37.23095,75.85041,Seahorse,10,1,Atlantic croaker had parasites,"Cora Baird, Michael Cornish, Alex Marshall, Kay Schlacter, Luana",50,246,3057,513,10/27/2021
6/8/2021,SS_3,12:10,9.579999924,27.20000076,31.29999924,50.09999847,.7,37.23095,75.85041,Croaker,5,1,Atlantic croaker had parasites,"Cora Baird, Michael Cornish, Alex Marshall, Kay Schlacter, Luana",50,246,3029,511,10/27/2021
6/8/2021,SS_3,12:10,9.579999924,27.20000076,31.29999924,50.09999847,.7,37.23095,75.85041,Bay Anchovy,5.5,2,Atlantic croaker had parasites,"Cora Baird, Michael Cornish, Alex Marshall, Kay Schlacter, Luana",50,246,2978,509,10/27/2021
6/8/2021,SS_3,12:10,9.579999924,27.20000076,31.29999924,50.09999847,.7,37.23095,75.85041,Croaker,5.5,1,Atlantic croaker had parasites,"Cora Baird, Michael Cornish, Alex Marshall, Kay Schlacter, Luana",50,246,3028,511,10/27/2021
6/8/2021,SS_3,12:10,9.579999924,27.20000076,31.29999924,50.09999847,.7,37.23095,75.85041,Seahorse,8.5,1,Atlantic croaker had parasites,"Cora Baird, Michael Cornish, Alex Marshall, Kay Schlacter, Luana",50,246,3056,513,10/27/2021
6/8/2021,SS_3,12:10,9.579999924,27.20000076,31.29999924,50.09999847,.7,37.23095,75.85041,Croaker,6.5,1,Atlantic croaker had parasites,"Cora Baird, Michael Cornish, Alex Marshall, Kay Schlacter, Luana",50,246,3030,511,10/27/2021
6/8/2021,SS_3,12:10,9.579999924,27.20000076,31.29999924,50.09999847,.7,37.23095,75.85041,Croaker,4.5,1,Atlantic croaker had parasites,"Cora Baird, Michael Cornish, Alex Marshall, Kay Schlacter, Luana",50,246,3031,511,10/27/2021
6/8/2021,SS_3,12:10,9.579999924,27.20000076,31.29999924,50.09999847,.7,37.23095,75.85041,Croaker,3.5,1,Atlantic croaker had parasites,"Cora Baird, Michael Cornish, Alex Marshall, Kay Schlacter, Luana",50,246,3032,511,10/27/2021
6/8/2021,SS_3,12:10,9.579999924,27.20000076,31.29999924,50.09999847,.7,37.23095,75.85041,Croaker,5,1,Atlantic croaker had parasites,"Cora Baird, Michael Cornish, Alex Marshall, Kay Schlacter, Luana",50,246,3033,511,10/27/2021
6/8/2021,SS_3,12:10,9.579999924,27.20000076,31.29999924,50.09999847,.7,37.23095,75.85041,Croaker,5,1,Atlantic croaker had parasites,"Cora Baird, Michael Cornish, Alex Marshall, Kay Schlacter, Luana",50,246,3034,511,10/27/2021
6/8/2021,SS_3,12:10,9.579999924,27.20000076,31.29999924,50.09999847,.7,37.23095,75.85041,Croaker,3.5,1,Atlantic croaker had parasites,"Cora Baird, Michael Cornish, Alex Marshall, Kay Schlacter, Luana",50,246,3035,511,10/27/2021
6/8/2021,SS_3,12:10,9.579999924,27.20000076,31.29999924,50.09999847,.7,37.23095,75.85041,Croaker,7.5,1,Atlantic croaker had parasites,"Cora Baird, Michael Cornish, Alex Marshall, Kay Schlacter, Luana",50,246,3021,511,10/27/2021
6/8/2021,SS_4,13:00,11.57999992,27.10000038,31.29999924,50,.64,37.22226,75.84647,Pipefish,17.5,1,One croaker with parasites,"Cora Baird, Michael Cornish, Alex Marshall, Kay Schlacter, Luana",50,247,3061,515,10/27/2021
6/8/2021,SS_4,13:00,11.57999992,27.10000038,31.29999924,50,.64,37.22226,75.84647,Pipefish,17.5,1,One croaker with parasites,"Cora Baird, Michael Cornish, Alex Marshall, Kay Schlacter, Luana",50,247,3062,515,10/27/2021
6/8/2021,SS_4,13:00,11.57999992,27.10000038,31.29999924,50,.64,37.22226,75.84647,Pipefish,16.5,1,One croaker with parasites,"Cora Baird, Michael Cornish, Alex Marshall, Kay Schlacter, Luana",50,247,3063,515,10/27/2021
6/8/2021,SS_4,13:00,11.57999992,27.10000038,31.29999924,50,.64,37.22226,75.84647,Pipefish,15.5,1,One croaker with parasites,"Cora Baird, Michael Cornish, Alex Marshall, Kay Schlacter, Luana",50,247,3064,515,10/27/2021
6/8/2021,SS_4,13:00,11.57999992,27.10000038,31.29999924,50,.64,37.22226,75.84647,Pipefish,16.5,1,One croaker with parasites,"Cora Baird, Michael Cornish, Alex Marshall, Kay Schlacter, Luana",50,247,3065,515,10/27/2021
6/8/2021,SS_4,13:00,11.57999992,27.10000038,31.29999924,50,.64,37.22226,75.84647,Pipefish,15.5,1,One croaker with parasites,"Cora Baird, Michael Cornish, Alex Marshall, Kay Schlacter, Luana",50,247,3066,515,10/27/2021
6/8/2021,SS_4,13:00,11.57999992,27.10000038,31.29999924,50,.64,37.22226,75.84647,Pipefish,16.5,1,One croaker with parasites,"Cora Baird, Michael Cornish, Alex Marshall, Kay Schlacter, Luana",50,247,3067,515,10/27/2021
6/8/2021,SS_4,13:00,11.57999992,27.10000038,31.29999924,50,.64,37.22226,75.84647,Pipefish,18.5,1,One croaker with parasites,"Cora Baird, Michael Cornish, Alex Marshall, Kay Schlacter, Luana",50,247,3068,515,10/27/2021
6/8/2021,SS_4,13:00,11.57999992,27.10000038,31.29999924,50,.64,37.22226,75.84647,Croaker,4,1,One croaker with parasites,"Cora Baird, Michael Cornish, Alex Marshall, Kay Schlacter, Luana",50,247,3105,516,10/27/2021
6/8/2021,SS_4,13:00,11.57999992,27.10000038,31.29999924,50,.64,37.22226,75.84647,Croaker,6,1,One croaker with parasites,"Cora Baird, Michael Cornish, Alex Marshall, Kay Schlacter, Luana",50,247,3094,516,10/27/2021
6/8/2021,SS_4,13:00,11.57999992,27.10000038,31.29999924,50,.64,37.22226,75.84647,Croaker,5,1,One croaker with parasites,"Cora Baird, Michael Cornish, Alex Marshall, Kay Schlacter, Luana",50,247,3095,516,10/27/2021
6/8/2021,SS_4,13:00,11.57999992,27.10000038,31.29999924,50,.64,37.22226,75.84647,Croaker,4.5,1,One croaker with parasites,"Cora Baird, Michael Cornish, Alex Marshall, Kay Schlacter, Luana",50,247,3096,516,10/27/2021
6/8/2021,SS_4,13:00,11.57999992,27.10000038,31.29999924,50,.64,37.22226,75.84647,Croaker,4,1,One croaker with parasites,"Cora Baird, Michael Cornish, Alex Marshall, Kay Schlacter, Luana",50,247,3097,516,10/27/2021
6/8/2021,SS_4,13:00,11.57999992,27.10000038,31.29999924,50,.64,37.22226,75.84647,Croaker,4,1,One croaker with parasites,"Cora Baird, Michael Cornish, Alex Marshall, Kay Schlacter, Luana",50,247,3098,516,10/27/2021
6/8/2021,SS_4,13:00,11.57999992,27.10000038,31.29999924,50,.64,37.22226,75.84647,Croaker,5,1,One croaker with parasites,"Cora Baird, Michael Cornish, Alex Marshall, Kay Schlacter, Luana",50,247,3099,516,10/27/2021
6/8/2021,SS_4,13:00,11.57999992,27.10000038,31.29999924,50,.64,37.22226,75.84647,Croaker,4.5,1,One croaker with parasites,"Cora Baird, Michael Cornish, Alex Marshall, Kay Schlacter, Luana",50,247,3100,516,10/27/2021
6/8/2021,SS_4,13:00,11.57999992,27.10000038,31.29999924,50,.64,37.22226,75.84647,Croaker,4.5,1,One croaker with parasites,"Cora Baird, Michael Cornish, Alex Marshall, Kay Schlacter, Luana",50,247,3101,516,10/27/2021
6/8/2021,SS_4,13:00,11.57999992,27.10000038,31.29999924,50,.64,37.22226,75.84647,Croaker,4.5,1,One croaker with parasites,"Cora Baird, Michael Cornish, Alex Marshall, Kay Schlacter, Luana",50,247,3102,516,10/27/2021
6/8/2021,SS_4,13:00,11.57999992,27.10000038,31.29999924,50,.64,37.22226,75.84647,Croaker,4.5,1,One croaker with parasites,"Cora Baird, Michael Cornish, Alex Marshall, Kay Schlacter, Luana",50,247,3117,516,10/27/2021
6/8/2021,SS_4,13:00,11.57999992,27.10000038,31.29999924,50,.64,37.22226,75.84647,Croaker,4,1,One croaker with parasites,"Cora Baird, Michael Cornish, Alex Marshall, Kay Schlacter, Luana",50,247,3104,516,10/27/2021
6/8/2021,SS_4,13:00,11.57999992,27.10000038,31.29999924,50,.64,37.22226,75.84647,Croaker,4,1,One croaker with parasites,"Cora Baird, Michael Cornish, Alex Marshall, Kay Schlacter, Luana",50,247,3091,516,10/27/2021
6/8/2021,SS_4,13:00,11.57999992,27.10000038,31.29999924,50,.64,37.22226,75.84647,Croaker,4.5,1,One croaker with parasites,"Cora Baird, Michael Cornish, Alex Marshall, Kay Schlacter, Luana",50,247,3106,516,10/27/2021
6/8/2021,SS_4,13:00,11.57999992,27.10000038,31.29999924,50,.64,37.22226,75.84647,Croaker,3.5,1,One croaker with parasites,"Cora Baird, Michael Cornish, Alex Marshall, Kay Schlacter, Luana",50,247,3107,516,10/27/2021
6/8/2021,SS_4,13:00,11.57999992,27.10000038,31.29999924,50,.64,37.22226,75.84647,Croaker,2,1,One croaker with parasites,"Cora Baird, Michael Cornish, Alex Marshall, Kay Schlacter, Luana",50,247,3108,516,10/27/2021
6/8/2021,SS_4,13:00,11.57999992,27.10000038,31.29999924,50,.64,37.22226,75.84647,Croaker,4,1,One croaker with parasites,"Cora Baird, Michael Cornish, Alex Marshall, Kay Schlacter, Luana",50,247,3110,516,10/27/2021
6/8/2021,SS_4,13:00,11.57999992,27.10000038,31.29999924,50,.64,37.22226,75.84647,Pinfish,6,1,One croaker with parasites,"Cora Baird, Michael Cornish, Alex Marshall, Kay Schlacter, Luana",50,247,3123,517,10/27/2021
6/8/2021,SS_4,13:00,11.57999992,27.10000038,31.29999924,50,.64,37.22226,75.84647,Croaker,4.5,1,One croaker with parasites,"Cora Baird, Michael Cornish, Alex Marshall, Kay Schlacter, Luana",50,247,3112,516,10/27/2021
6/8/2021,SS_4,13:00,11.57999992,27.10000038,31.29999924,50,.64,37.22226,75.84647,Croaker,4,1,One croaker with parasites,"Cora Baird, Michael Cornish, Alex Marshall, Kay Schlacter, Luana",50,247,3113,516,10/27/2021
6/8/2021,SS_4,13:00,11.57999992,27.10000038,31.29999924,50,.64,37.22226,75.84647,Croaker,4.5,1,One croaker with parasites,"Cora Baird, Michael Cornish, Alex Marshall, Kay Schlacter, Luana",50,247,3114,516,10/27/2021
6/8/2021,SS_4,13:00,11.57999992,27.10000038,31.29999924,50,.64,37.22226,75.84647,Croaker,4,1,One croaker with parasites,"Cora Baird, Michael Cornish, Alex Marshall, Kay Schlacter, Luana",50,247,3115,516,10/27/2021
6/8/2021,SS_4,13:00,11.57999992,27.10000038,31.29999924,50,.64,37.22226,75.84647,Croaker,4.5,1,One croaker with parasites,"Cora Baird, Michael Cornish, Alex Marshall, Kay Schlacter, Luana",50,247,3116,516,10/27/2021
6/8/2021,SS_4,13:00,11.57999992,27.10000038,31.29999924,50,.64,37.22226,75.84647,Croaker,4.5,1,One croaker with parasites,"Cora Baird, Michael Cornish, Alex Marshall, Kay Schlacter, Luana",50,247,3103,516,10/27/2021
6/8/2021,SS_4,13:00,11.57999992,27.10000038,31.29999924,50,.64,37.22226,75.84647,Croaker,7,1,One croaker with parasites,"Cora Baird, Michael Cornish, Alex Marshall, Kay Schlacter, Luana",50,247,3082,516,10/27/2021
6/8/2021,SS_4,13:00,11.57999992,27.10000038,31.29999924,50,.64,37.22226,75.84647,Croaker,8,1,One croaker with parasites,"Cora Baird, Michael Cornish, Alex Marshall, Kay Schlacter, Luana",50,247,3078,516,10/27/2021
6/8/2021,SS_4,13:00,11.57999992,27.10000038,31.29999924,50,.64,37.22226,75.84647,Croaker,4.5,1,One croaker with parasites,"Cora Baird, Michael Cornish, Alex Marshall, Kay Schlacter, Luana",50,247,3079,516,10/27/2021
6/8/2021,SS_4,13:00,11.57999992,27.10000038,31.29999924,50,.64,37.22226,75.84647,Croaker,3.5,1,One croaker with parasites,"Cora Baird, Michael Cornish, Alex Marshall, Kay Schlacter, Luana",50,247,3080,516,10/27/2021
6/8/2021,SS_4,13:00,11.57999992,27.10000038,31.29999924,50,.64,37.22226,75.84647,Croaker,4.5,1,One croaker with parasites,"Cora Baird, Michael Cornish, Alex Marshall, Kay Schlacter, Luana",50,247,3081,516,10/27/2021
6/8/2021,SS_4,13:00,11.57999992,27.10000038,31.29999924,50,.64,37.22226,75.84647,Pinfish,4,1,One croaker with parasites,"Cora Baird, Michael Cornish, Alex Marshall, Kay Schlacter, Luana",50,247,3124,517,10/27/2021
6/8/2021,SS_4,13:00,11.57999992,27.10000038,31.29999924,50,.64,37.22226,75.84647,Croaker,7,1,One croaker with parasites,"Cora Baird, Michael Cornish, Alex Marshall, Kay Schlacter, Luana",50,247,3077,516,10/27/2021
6/8/2021,SS_4,13:00,11.57999992,27.10000038,31.29999924,50,.64,37.22226,75.84647,Croaker,5.5,1,One croaker with parasites,"Cora Baird, Michael Cornish, Alex Marshall, Kay Schlacter, Luana",50,247,3076,516,10/27/2021
6/8/2021,SS_4,13:00,11.57999992,27.10000038,31.29999924,50,.64,37.22226,75.84647,Croaker,6.5,1,One croaker with parasites,"Cora Baird, Michael Cornish, Alex Marshall, Kay Schlacter, Luana",50,247,3075,516,10/27/2021
6/8/2021,SS_4,13:00,11.57999992,27.10000038,31.29999924,50,.64,37.22226,75.84647,Croaker,4,1,One croaker with parasites,"Cora Baird, Michael Cornish, Alex Marshall, Kay Schlacter, Luana",50,247,3074,516,10/27/2021
6/8/2021,SS_4,13:00,11.57999992,27.10000038,31.29999924,50,.64,37.22226,75.84647,Pinfish,4.5,1,One croaker with parasites,"Cora Baird, Michael Cornish, Alex Marshall, Kay Schlacter, Luana",50,247,3125,517,10/27/2021
6/8/2021,SS_4,13:00,11.57999992,27.10000038,31.29999924,50,.64,37.22226,75.84647,Croaker,4,1,One croaker with parasites,"Cora Baird, Michael Cornish, Alex Marshall, Kay Schlacter, Luana",50,247,3093,516,10/27/2021
6/8/2021,SS_4,13:00,11.57999992,27.10000038,31.29999924,50,.64,37.22226,75.84647,Croaker,6.5,1,One croaker with parasites,"Cora Baird, Michael Cornish, Alex Marshall, Kay Schlacter, Luana",50,247,3072,516,10/27/2021
6/8/2021,SS_4,13:00,11.57999992,27.10000038,31.29999924,50,.64,37.22226,75.84647,Croaker,4.5,1,One croaker with parasites,"Cora Baird, Michael Cornish, Alex Marshall, Kay Schlacter, Luana",50,247,3092,516,10/27/2021
6/8/2021,SS_4,13:00,11.57999992,27.10000038,31.29999924,50,.64,37.22226,75.84647,Croaker,6.5,1,One croaker with parasites,"Cora Baird, Michael Cornish, Alex Marshall, Kay Schlacter, Luana",50,247,3071,516,10/27/2021
6/8/2021,SS_4,13:00,11.57999992,27.10000038,31.29999924,50,.64,37.22226,75.84647,Croaker,7.5,1,One croaker with parasites,"Cora Baird, Michael Cornish, Alex Marshall, Kay Schlacter, Luana",50,247,3083,516,10/27/2021
6/8/2021,SS_4,13:00,11.57999992,27.10000038,31.29999924,50,.64,37.22226,75.84647,Croaker,6.5,1,One croaker with parasites,"Cora Baird, Michael Cornish, Alex Marshall, Kay Schlacter, Luana",50,247,3084,516,10/27/2021
6/8/2021,SS_4,13:00,11.57999992,27.10000038,31.29999924,50,.64,37.22226,75.84647,Croaker,8,1,One croaker with parasites,"Cora Baird, Michael Cornish, Alex Marshall, Kay Schlacter, Luana",50,247,3085,516,10/27/2021
6/8/2021,SS_4,13:00,11.57999992,27.10000038,31.29999924,50,.64,37.22226,75.84647,Croaker,4.5,1,One croaker with parasites,"Cora Baird, Michael Cornish, Alex Marshall, Kay Schlacter, Luana",50,247,3086,516,10/27/2021
6/8/2021,SS_4,13:00,11.57999992,27.10000038,31.29999924,50,.64,37.22226,75.84647,Croaker,4,1,One croaker with parasites,"Cora Baird, Michael Cornish, Alex Marshall, Kay Schlacter, Luana",50,247,3087,516,10/27/2021
6/8/2021,SS_4,13:00,11.57999992,27.10000038,31.29999924,50,.64,37.22226,75.84647,Croaker,5,1,One croaker with parasites,"Cora Baird, Michael Cornish, Alex Marshall, Kay Schlacter, Luana",50,247,3088,516,10/27/2021
6/8/2021,SS_4,13:00,11.57999992,27.10000038,31.29999924,50,.64,37.22226,75.84647,Croaker,4.5,1,One croaker with parasites,"Cora Baird, Michael Cornish, Alex Marshall, Kay Schlacter, Luana",50,247,3089,516,10/27/2021
6/8/2021,SS_4,13:00,11.57999992,27.10000038,31.29999924,50,.64,37.22226,75.84647,Croaker,4.5,1,One croaker with parasites,"Cora Baird, Michael Cornish, Alex Marshall, Kay Schlacter, Luana",50,247,3090,516,10/27/2021
6/8/2021,SS_4,13:00,11.57999992,27.10000038,31.29999924,50,.64,37.22226,75.84647,Croaker,4,1,One croaker with parasites,"Cora Baird, Michael Cornish, Alex Marshall, Kay Schlacter, Luana",50,247,3111,516,10/27/2021
6/8/2021,SS_4,13:00,11.57999992,27.10000038,31.29999924,50,.64,37.22226,75.84647,Croaker,4.5,1,One croaker with parasites,"Cora Baird, Michael Cornish, Alex Marshall, Kay Schlacter, Luana",50,247,3073,516,10/27/2021
6/8/2021,SS_4,13:00,11.57999992,27.10000038,31.29999924,50,.64,37.22226,75.84647,Silversides,10.5,1,One croaker with parasites,"Cora Baird, Michael Cornish, Alex Marshall, Kay Schlacter, Luana",50,247,3058,514,10/27/2021
6/8/2021,SS_4,13:00,11.57999992,27.10000038,31.29999924,50,.64,37.22226,75.84647,Croaker,3.5,1,One croaker with parasites,"Cora Baird, Michael Cornish, Alex Marshall, Kay Schlacter, Luana",50,247,3118,516,10/27/2021
6/8/2021,SS_4,13:00,11.57999992,27.10000038,31.29999924,50,.64,37.22226,75.84647,Croaker,6,1,One croaker with parasites,"Cora Baird, Michael Cornish, Alex Marshall, Kay Schlacter, Luana",50,247,3109,516,10/27/2021
6/8/2021,SS_4,13:00,11.57999992,27.10000038,31.29999924,50,.64,37.22226,75.84647,Silversides,8.5,1,One croaker with parasites,"Cora Baird, Michael Cornish, Alex Marshall, Kay Schlacter, Luana",50,247,3059,514,10/27/2021
6/8/2021,SS_4,13:00,11.57999992,27.10000038,31.29999924,50,.64,37.22226,75.84647,Croaker,7,1,One croaker with parasites,"Cora Baird, Michael Cornish, Alex Marshall, Kay Schlacter, Luana",50,247,3069,516,10/27/2021
6/8/2021,SS_4,13:00,11.57999992,27.10000038,31.29999924,50,.64,37.22226,75.84647,Croaker,7.5,1,One croaker with parasites,"Cora Baird, Michael Cornish, Alex Marshall, Kay Schlacter, Luana",50,247,3070,516,10/27/2021
6/8/2021,SS_4,13:00,11.57999992,27.10000038,31.29999924,50,.64,37.22226,75.84647,Croaker,4,1,One croaker with parasites,"Cora Baird, Michael Cornish, Alex Marshall, Kay Schlacter, Luana",50,247,3120,516,10/27/2021
6/8/2021,SS_4,13:00,11.57999992,27.10000038,31.29999924,50,.64,37.22226,75.84647,Croaker,4.5,1,One croaker with parasites,"Cora Baird, Michael Cornish, Alex Marshall, Kay Schlacter, Luana",50,247,3122,516,10/27/2021
6/8/2021,SS_4,13:00,11.57999992,27.10000038,31.29999924,50,.64,37.22226,75.84647,Croaker,4.5,1,One croaker with parasites,"Cora Baird, Michael Cornish, Alex Marshall, Kay Schlacter, Luana",50,247,3121,516,10/27/2021
6/8/2021,SS_4,13:00,11.57999992,27.10000038,31.29999924,50,.64,37.22226,75.84647,Croaker,4,1,One croaker with parasites,"Cora Baird, Michael Cornish, Alex Marshall, Kay Schlacter, Luana",50,247,3119,516,10/27/2021
6/8/2021,SS_4,13:00,11.57999992,27.10000038,31.29999924,50,.64,37.22226,75.84647,Silversides,9.5,1,One croaker with parasites,"Cora Baird, Michael Cornish, Alex Marshall, Kay Schlacter, Luana",50,247,3060,514,10/27/2021
6/8/2021,SS_5,14:00,11.19999981,28.10000038,31.29999924,51,.64,37.23213,75.86271,Pipefish,3.5,1,Bay anchovy decapitated by crab; One croaker with parasite,"Cora Baird, Michael Cornish, Alex Marshall, Kay Schlacter, Luana",50,248,3129,519,10/27/2021
6/8/2021,SS_5,14:00,11.19999981,28.10000038,31.29999924,51,.64,37.23213,75.86271,Pipefish,5.5,1,Bay anchovy decapitated by crab; One croaker with parasite,"Cora Baird, Michael Cornish, Alex Marshall, Kay Schlacter, Luana",50,248,3133,519,10/27/2021
6/8/2021,SS_5,14:00,11.19999981,28.10000038,31.29999924,51,.64,37.23213,75.86271,Pipefish,6.5,1,Bay anchovy decapitated by crab; One croaker with parasite,"Cora Baird, Michael Cornish, Alex Marshall, Kay Schlacter, Luana",50,248,3134,519,10/27/2021
6/8/2021,SS_5,14:00,11.19999981,28.10000038,31.29999924,51,.64,37.23213,75.86271,Pipefish,11.5,1,Bay anchovy decapitated by crab; One croaker with parasite,"Cora Baird, Michael Cornish, Alex Marshall, Kay Schlacter, Luana",50,248,3135,519,10/27/2021
6/8/2021,SS_5,14:00,11.19999981,28.10000038,31.29999924,51,.64,37.23213,75.86271,Bay Anchovy,5.5,1,Bay anchovy decapitated by crab; One croaker with parasite,"Cora Baird, Michael Cornish, Alex Marshall, Kay Schlacter, Luana",50,248,3126,518,10/27/2021
6/8/2021,SS_5,14:00,11.19999981,28.10000038,31.29999924,51,.64,37.23213,75.86271,Pipefish,9,1,Bay anchovy decapitated by crab; One croaker with parasite,"Cora Baird, Michael Cornish, Alex Marshall, Kay Schlacter, Luana",50,248,3136,519,10/27/2021
6/8/2021,SS_5,14:00,11.19999981,28.10000038,31.29999924,51,.64,37.23213,75.86271,Black Sea Bass,10.5,1,Bay anchovy decapitated by crab; One croaker with parasite,"Cora Baird, Michael Cornish, Alex Marshall, Kay Schlacter, Luana",50,248,3149,521,10/27/2021
6/8/2021,SS_5,14:00,11.19999981,28.10000038,31.29999924,51,.64,37.23213,75.86271,Black Sea Bass,2.5,1,Bay anchovy decapitated by crab; One croaker with parasite,"Cora Baird, Michael Cornish, Alex Marshall, Kay Schlacter, Luana",50,248,3152,521,10/27/2021
6/8/2021,SS_5,14:00,11.19999981,28.10000038,31.29999924,51,.64,37.23213,75.86271,Croaker,3,1,Bay anchovy decapitated by crab; One croaker with parasite,"Cora Baird, Michael Cornish, Alex Marshall, Kay Schlacter, Luana",50,248,3148,520,10/27/2021
6/8/2021,SS_5,14:00,11.19999981,28.10000038,31.29999924,51,.64,37.23213,75.86271,Pipefish,18,1,Bay anchovy decapitated by crab; One croaker with parasite,"Cora Baird, Michael Cornish, Alex Marshall, Kay Schlacter, Luana",50,248,3128,519,10/27/2021
6/8/2021,SS_5,14:00,11.19999981,28.10000038,31.29999924,51,.64,37.23213,75.86271,Black Sea Bass,9.5,1,Bay anchovy decapitated by crab; One croaker with parasite,"Cora Baird, Michael Cornish, Alex Marshall, Kay Schlacter, Luana",50,248,3150,521,10/27/2021
6/8/2021,SS_5,14:00,11.19999981,28.10000038,31.29999924,51,.64,37.23213,75.86271,Black Sea Bass,3,1,Bay anchovy decapitated by crab; One croaker with parasite,"Cora Baird, Michael Cornish, Alex Marshall, Kay Schlacter, Luana",50,248,3153,521,10/27/2021
6/8/2021,SS_5,14:00,11.19999981,28.10000038,31.29999924,51,.64,37.23213,75.86271,Black Sea Bass,8.5,1,Bay anchovy decapitated by crab; One croaker with parasite,"Cora Baird, Michael Cornish, Alex Marshall, Kay Schlacter, Luana",50,248,3151,521,10/27/2021
6/8/2021,SS_5,14:00,11.19999981,28.10000038,31.29999924,51,.64,37.23213,75.86271,Pipefish,6,1,Bay anchovy decapitated by crab; One croaker with parasite,"Cora Baird, Michael Cornish, Alex Marshall, Kay Schlacter, Luana",50,248,3137,519,10/27/2021
6/8/2021,SS_5,14:00,11.19999981,28.10000038,31.29999924,51,.64,37.23213,75.86271,Croaker,4.5,1,Bay anchovy decapitated by crab; One croaker with parasite,"Cora Baird, Michael Cornish, Alex Marshall, Kay Schlacter, Luana",50,248,3144,520,10/27/2021
6/8/2021,SS_5,14:00,11.19999981,28.10000038,31.29999924,51,.64,37.23213,75.86271,Croaker,8.5,1,Bay anchovy decapitated by crab; One croaker with parasite,"Cora Baird, Michael Cornish, Alex Marshall, Kay Schlacter, Luana",50,248,3138,520,10/27/2021
6/8/2021,SS_5,14:00,11.19999981,28.10000038,31.29999924,51,.64,37.23213,75.86271,Croaker,6.5,1,Bay anchovy decapitated by crab; One croaker with parasite,"Cora Baird, Michael Cornish, Alex Marshall, Kay Schlacter, Luana",50,248,3139,520,10/27/2021
6/8/2021,SS_5,14:00,11.19999981,28.10000038,31.29999924,51,.64,37.23213,75.86271,Croaker,8,1,Bay anchovy decapitated by crab; One croaker with parasite,"Cora Baird, Michael Cornish, Alex Marshall, Kay Schlacter, Luana",50,248,3140,520,10/27/2021
6/8/2021,SS_5,14:00,11.19999981,28.10000038,31.29999924,51,.64,37.23213,75.86271,Croaker,6,1,Bay anchovy decapitated by crab; One croaker with parasite,"Cora Baird, Michael Cornish, Alex Marshall, Kay Schlacter, Luana",50,248,3147,520,10/27/2021
6/8/2021,SS_5,14:00,11.19999981,28.10000038,31.29999924,51,.64,37.23213,75.86271,Croaker,5.5,1,Bay anchovy decapitated by crab; One croaker with parasite,"Cora Baird, Michael Cornish, Alex Marshall, Kay Schlacter, Luana",50,248,3146,520,10/27/2021
6/8/2021,SS_5,14:00,11.19999981,28.10000038,31.29999924,51,.64,37.23213,75.86271,Pipefish,4.5,1,Bay anchovy decapitated by crab; One croaker with parasite,"Cora Baird, Michael Cornish, Alex Marshall, Kay Schlacter, Luana",50,248,3130,519,10/27/2021
6/8/2021,SS_5,14:00,11.19999981,28.10000038,31.29999924,51,.64,37.23213,75.86271,Croaker,3.5,1,Bay anchovy decapitated by crab; One croaker with parasite,"Cora Baird, Michael Cornish, Alex Marshall, Kay Schlacter, Luana",50,248,3145,520,10/27/2021
6/8/2021,SS_5,14:00,11.19999981,28.10000038,31.29999924,51,.64,37.23213,75.86271,Pipefish,4.5,1,Bay anchovy decapitated by crab; One croaker with parasite,"Cora Baird, Michael Cornish, Alex Marshall, Kay Schlacter, Luana",50,248,3132,519,10/27/2021
6/8/2021,SS_5,14:00,11.19999981,28.10000038,31.29999924,51,.64,37.23213,75.86271,Croaker,3,1,Bay anchovy decapitated by crab; One croaker with parasite,"Cora Baird, Michael Cornish, Alex Marshall, Kay Schlacter, Luana",50,248,3143,520,10/27/2021
6/8/2021,SS_5,14:00,11.19999981,28.10000038,31.29999924,51,.64,37.23213,75.86271,Croaker,8,1,Bay anchovy decapitated by crab; One croaker with parasite,"Cora Baird, Michael Cornish, Alex Marshall, Kay Schlacter, Luana",50,248,3142,520,10/27/2021
6/8/2021,SS_5,14:00,11.19999981,28.10000038,31.29999924,51,.64,37.23213,75.86271,Croaker,8,1,Bay anchovy decapitated by crab; One croaker with parasite,"Cora Baird, Michael Cornish, Alex Marshall, Kay Schlacter, Luana",50,248,3141,520,10/27/2021
6/8/2021,SS_5,14:00,11.19999981,28.10000038,31.29999924,51,.64,37.23213,75.86271,Pipefish,9.5,1,Bay anchovy decapitated by crab; One croaker with parasite,"Cora Baird, Michael Cornish, Alex Marshall, Kay Schlacter, Luana",50,248,3127,519,10/27/2021
6/8/2021,SS_5,14:00,11.19999981,28.10000038,31.29999924,51,.64,37.23213,75.86271,Pipefish,6.5,1,Bay anchovy decapitated by crab; One croaker with parasite,"Cora Baird, Michael Cornish, Alex Marshall, Kay Schlacter, Luana",50,248,3131,519,10/27/2021
6/9/2021,HI_1,12:50,9.090000153,27.60000038,31.60000038,51,1,37.41051,,Pipefish,20,1,Anchovies have parasites; Macroalgae,"Cora Baird, Kinsey Tedford, David Lee, Davis Coffey, Rheya, Abby",52,255,3291,556,10/27/2021
6/9/2021,HI_1,12:50,9.090000153,27.60000038,31.60000038,51,1,37.41051,,Pipefish,16,1,Anchovies have parasites; Macroalgae,"Cora Baird, Kinsey Tedford, David Lee, Davis Coffey, Rheya, Abby",52,255,3285,556,10/27/2021
6/9/2021,HI_1,12:50,9.090000153,27.60000038,31.60000038,51,1,37.41051,,Pipefish,17,1,Anchovies have parasites; Macroalgae,"Cora Baird, Kinsey Tedford, David Lee, Davis Coffey, Rheya, Abby",52,255,3284,556,10/27/2021
6/9/2021,HI_1,12:50,9.090000153,27.60000038,31.60000038,51,1,37.41051,,Pipefish,17.5,1,Anchovies have parasites; Macroalgae,"Cora Baird, Kinsey Tedford, David Lee, Davis Coffey, Rheya, Abby",52,255,3283,556,10/27/2021
6/9/2021,HI_1,12:50,9.090000153,27.60000038,31.60000038,51,1,37.41051,,Bay Anchovy,5.5,2,Anchovies have parasites; Macroalgae,"Cora Baird, Kinsey Tedford, David Lee, Davis Coffey, Rheya, Abby",52,255,3277,554,10/27/2021
6/9/2021,HI_1,12:50,9.090000153,27.60000038,31.60000038,51,1,37.41051,,Silversides,8,1,Anchovies have parasites; Macroalgae,"Cora Baird, Kinsey Tedford, David Lee, Davis Coffey, Rheya, Abby",52,255,3282,555,10/27/2021
6/9/2021,HI_1,12:50,9.090000153,27.60000038,31.60000038,51,1,37.41051,,Silversides,9,4,Anchovies have parasites; Macroalgae,"Cora Baird, Kinsey Tedford, David Lee, Davis Coffey, Rheya, Abby",52,255,3281,555,10/27/2021
6/9/2021,HI_1,12:50,9.090000153,27.60000038,31.60000038,51,1,37.41051,,Croaker,8,1,Anchovies have parasites; Macroalgae,"Cora Baird, Kinsey Tedford, David Lee, Davis Coffey, Rheya, Abby",52,255,3292,557,10/27/2021
6/9/2021,HI_1,12:50,9.090000153,27.60000038,31.60000038,51,1,37.41051,,Pipefish,16,1,Anchovies have parasites; Macroalgae,"Cora Baird, Kinsey Tedford, David Lee, Davis Coffey, Rheya, Abby",52,255,3289,556,10/27/2021
6/9/2021,HI_1,12:50,9.090000153,27.60000038,31.60000038,51,1,37.41051,,Silversides,10,3,Anchovies have parasites; Macroalgae,"Cora Baird, Kinsey Tedford, David Lee, Davis Coffey, Rheya, Abby",52,255,3280,555,10/27/2021
6/9/2021,HI_1,12:50,9.090000153,27.60000038,31.60000038,51,1,37.41051,,Pipefish,20,1,Anchovies have parasites; Macroalgae,"Cora Baird, Kinsey Tedford, David Lee, Davis Coffey, Rheya, Abby",52,255,3286,556,10/27/2021
6/9/2021,HI_1,12:50,9.090000153,27.60000038,31.60000038,51,1,37.41051,,Bay Anchovy,6,8,Anchovies have parasites; Macroalgae,"Cora Baird, Kinsey Tedford, David Lee, Davis Coffey, Rheya, Abby",52,255,3278,554,10/27/2021
6/9/2021,HI_1,12:50,9.090000153,27.60000038,31.60000038,51,1,37.41051,,Bay Anchovy,5,1,Anchovies have parasites; Macroalgae,"Cora Baird, Kinsey Tedford, David Lee, Davis Coffey, Rheya, Abby",52,255,3276,554,10/27/2021
6/9/2021,HI_1,12:50,9.090000153,27.60000038,31.60000038,51,1,37.41051,,Bay Anchovy,6.5,3,Anchovies have parasites; Macroalgae,"Cora Baird, Kinsey Tedford, David Lee, Davis Coffey, Rheya, Abby",52,255,3275,554,10/27/2021
6/9/2021,HI_1,12:50,9.090000153,27.60000038,31.60000038,51,1,37.41051,,Pipefish,19,1,Anchovies have parasites; Macroalgae,"Cora Baird, Kinsey Tedford, David Lee, Davis Coffey, Rheya, Abby",52,255,3290,556,10/27/2021
6/9/2021,HI_1,12:50,9.090000153,27.60000038,31.60000038,51,1,37.41051,,Pipefish,16,1,Anchovies have parasites; Macroalgae,"Cora Baird, Kinsey Tedford, David Lee, Davis Coffey, Rheya, Abby",52,255,3288,556,10/27/2021
6/9/2021,HI_1,12:50,9.090000153,27.60000038,31.60000038,51,1,37.41051,,Pipefish,16,1,Anchovies have parasites; Macroalgae,"Cora Baird, Kinsey Tedford, David Lee, Davis Coffey, Rheya, Abby",52,255,3287,556,10/27/2021
6/9/2021,HI_1,12:50,9.090000153,27.60000038,31.60000038,51,1,37.41051,,Black Sea Bass,8,1,Anchovies have parasites; Macroalgae,"Cora Baird, Kinsey Tedford, David Lee, Davis Coffey, Rheya, Abby",52,255,3293,558,10/27/2021
6/9/2021,HI_1,12:50,9.090000153,27.60000038,31.60000038,51,1,37.41051,,Bay Anchovy,7,4,Anchovies have parasites; Macroalgae,"Cora Baird, Kinsey Tedford, David Lee, Davis Coffey, Rheya, Abby",52,255,3279,554,10/27/2021
6/9/2021,HI_2,13:07,7.929999828,27.5,31.60000038,50.79999924,1.1,37.4127,75.73210,Bay Anchovy,5.5,1,,"Cora Baird, Kinsey Tedford, David Lee, Davis Coffey, Rheya, Abby",52,256,3294,559,10/27/2021
6/9/2021,HI_2,13:07,7.929999828,27.5,31.60000038,50.79999924,1.1,37.4127,75.73210,Silversides,10,1,,"Cora Baird, Kinsey Tedford, David Lee, Davis Coffey, Rheya, Abby",52,256,3297,560,10/27/2021
6/9/2021,HI_2,13:07,7.929999828,27.5,31.60000038,50.79999924,1.1,37.4127,75.73210,Silversides,8,1,,"Cora Baird, Kinsey Tedford, David Lee, Davis Coffey, Rheya, Abby",52,256,3298,560,10/27/2021
6/9/2021,HI_2,13:07,7.929999828,27.5,31.60000038,50.79999924,1.1,37.4127,75.73210,Silversides,11,1,,"Cora Baird, Kinsey Tedford, David Lee, Davis Coffey, Rheya, Abby",52,256,3299,560,10/27/2021
6/9/2021,HI_2,13:07,7.929999828,27.5,31.60000038,50.79999924,1.1,37.4127,75.73210,Silversides,11,1,,"Cora Baird, Kinsey Tedford, David Lee, Davis Coffey, Rheya, Abby",52,256,3300,560,10/27/2021
6/9/2021,HI_2,13:07,7.929999828,27.5,31.60000038,50.79999924,1.1,37.4127,75.73210,Bay Anchovy,6,1,,"Cora Baird, Kinsey Tedford, David Lee, Davis Coffey, Rheya, Abby",52,256,3295,559,10/27/2021
6/9/2021,HI_2,13:07,7.929999828,27.5,31.60000038,50.79999924,1.1,37.4127,75.73210,Bay Anchovy,7,1,,"Cora Baird, Kinsey Tedford, David Lee, Davis Coffey, Rheya, Abby",52,256,3296,559,10/27/2021
6/9/2021,HI_2,13:07,7.929999828,27.5,31.60000038,50.79999924,1.1,37.4127,75.73210,Oyster Toad,7,1,,"Cora Baird, Kinsey Tedford, David Lee, Davis Coffey, Rheya, Abby",52,256,3301,561,10/27/2021
6/9/2021,HI_3,12:15,8.970000267,27.29999924,31.60000038,50.59999847,1,37.41618,75.72098,Silversides,4.5,1,Macroalgae,"Cora Baird, Kinsey Tedford, David Lee, Davis Coffey, Rheya, Abby",52,257,3320,563,10/27/2021
6/9/2021,HI_3,12:15,8.970000267,27.29999924,31.60000038,50.59999847,1,37.41618,75.72098,Pipefish,18,1,Macroalgae,"Cora Baird, Kinsey Tedford, David Lee, Davis Coffey, Rheya, Abby",52,257,3331,564,10/27/2021
6/9/2021,HI_3,12:15,8.970000267,27.29999924,31.60000038,50.59999847,1,37.41618,75.72098,Croaker,8,1,Macroalgae,"Cora Baird, Kinsey Tedford, David Lee, Davis Coffey, Rheya, Abby",52,257,3337,565,10/27/2021
6/9/2021,HI_3,12:15,8.970000267,27.29999924,31.60000038,50.59999847,1,37.41618,75.72098,Croaker,4,1,Macroalgae,"Cora Baird, Kinsey Tedford, David Lee, Davis Coffey, Rheya, Abby",52,257,3338,565,10/27/2021
6/9/2021,HI_3,12:15,8.970000267,27.29999924,31.60000038,50.59999847,1,37.41618,75.72098,Pipefish,19,1,Macroalgae,"Cora Baird, Kinsey Tedford, David Lee, Davis Coffey, Rheya, Abby",52,257,3325,564,10/27/2021
6/9/2021,HI_3,12:15,8.970000267,27.29999924,31.60000038,50.59999847,1,37.41618,75.72098,Pipefish,15,1,Macroalgae,"Cora Baird, Kinsey Tedford, David Lee, Davis Coffey, Rheya, Abby",52,257,3326,564,10/27/2021
6/9/2021,HI_3,12:15,8.970000267,27.29999924,31.60000038,50.59999847,1,37.41618,75.72098,Pipefish,21,1,Macroalgae,"Cora Baird, Kinsey Tedford, David Lee, Davis Coffey, Rheya, Abby",52,257,3327,564,10/27/2021
6/9/2021,HI_3,12:15,8.970000267,27.29999924,31.60000038,50.59999847,1,37.41618,75.72098,Pipefish,19,1,Macroalgae,"Cora Baird, Kinsey Tedford, David Lee, Davis Coffey, Rheya, Abby",52,257,3328,564,10/27/2021
6/9/2021,HI_3,12:15,8.970000267,27.29999924,31.60000038,50.59999847,1,37.41618,75.72098,Silversides,8,1,Macroalgae,"Cora Baird, Kinsey Tedford, David Lee, Davis Coffey, Rheya, Abby",52,257,3305,563,10/27/2021
6/9/2021,HI_3,12:15,8.970000267,27.29999924,31.60000038,50.59999847,1,37.41618,75.72098,Pipefish,19,1,Macroalgae,"Cora Baird, Kinsey Tedford, David Lee, Davis Coffey, Rheya, Abby",52,257,3322,564,10/27/2021
6/9/2021,HI_3,12:15,8.970000267,27.29999924,31.60000038,50.59999847,1,37.41618,75.72098,Pipefish,5.5,1,Macroalgae,"Cora Baird, Kinsey Tedford, David Lee, Davis Coffey, Rheya, Abby",52,257,3332,564,10/27/2021
6/9/2021,HI_3,12:15,8.970000267,27.29999924,31.60000038,50.59999847,1,37.41618,75.72098,Silversides,9,1,Macroalgae,"Cora Baird, Kinsey Tedford, David Lee, Davis Coffey, Rheya, Abby",52,257,3319,563,10/27/2021
6/9/2021,HI_3,12:15,8.970000267,27.29999924,31.60000038,50.59999847,1,37.41618,75.72098,Silversides,9,1,Macroalgae,"Cora Baird, Kinsey Tedford, David Lee, Davis Coffey, Rheya, Abby",52,257,3318,563,10/27/2021
6/9/2021,HI_3,12:15,8.970000267,27.29999924,31.60000038,50.59999847,1,37.41618,75.72098,Silversides,9,1,Macroalgae,"Cora Baird, Kinsey Tedford, David Lee, Davis Coffey, Rheya, Abby",52,257,3317,563,10/27/2021
6/9/2021,HI_3,12:15,8.970000267,27.29999924,31.60000038,50.59999847,1,37.41618,75.72098,Silversides,9,1,Macroalgae,"Cora Baird, Kinsey Tedford, David Lee, Davis Coffey, Rheya, Abby",52,257,3316,563,10/27/2021
6/9/2021,HI_3,12:15,8.970000267,27.29999924,31.60000038,50.59999847,1,37.41618,75.72098,Pipefish,18,1,Macroalgae,"Cora Baird, Kinsey Tedford, David Lee, Davis Coffey, Rheya, Abby",52,257,3330,564,10/27/2021
6/9/2021,HI_3,12:15,8.970000267,27.29999924,31.60000038,50.59999847,1,37.41618,75.72098,Bay Anchovy,6,1,Macroalgae,"Cora Baird, Kinsey Tedford, David Lee, Davis Coffey, Rheya, Abby",52,257,3302,562,10/27/2021
6/9/2021,HI_3,12:15,8.970000267,27.29999924,31.60000038,50.59999847,1,37.41618,75.72098,Silversides,8.5,1,Macroalgae,"Cora Baird, Kinsey Tedford, David Lee, Davis Coffey, Rheya, Abby",52,257,3315,563,10/27/2021
6/9/2021,HI_3,12:15,8.970000267,27.29999924,31.60000038,50.59999847,1,37.41618,75.72098,Pipefish,20,1,Macroalgae,"Cora Baird, Kinsey Tedford, David Lee, Davis Coffey, Rheya, Abby",52,257,3329,564,10/27/2021
6/9/2021,HI_3,12:15,8.970000267,27.29999924,31.60000038,50.59999847,1,37.41618,75.72098,Silversides,4,1,Macroalgae,"Cora Baird, Kinsey Tedford, David Lee, Davis Coffey, Rheya, Abby",52,257,3306,563,10/27/2021
6/9/2021,HI_3,12:15,8.970000267,27.29999924,31.60000038,50.59999847,1,37.41618,75.72098,Silversides,8.5,1,Macroalgae,"Cora Baird, Kinsey Tedford, David Lee, Davis Coffey, Rheya, Abby",52,257,3314,563,10/27/2021
6/9/2021,HI_3,12:15,8.970000267,27.29999924,31.60000038,50.59999847,1,37.41618,75.72098,Silversides,8.5,1,Macroalgae,"Cora Baird, Kinsey Tedford, David Lee, Davis Coffey, Rheya, Abby",52,257,3313,563,10/27/2021
6/9/2021,HI_3,12:15,8.970000267,27.29999924,31.60000038,50.59999847,1,37.41618,75.72098,Silversides,9.5,1,Macroalgae,"Cora Baird, Kinsey Tedford, David Lee, Davis Coffey, Rheya, Abby",52,257,3312,563,10/27/2021
6/9/2021,HI_3,12:15,8.970000267,27.29999924,31.60000038,50.59999847,1,37.41618,75.72098,Silversides,9.5,1,Macroalgae,"Cora Baird, Kinsey Tedford, David Lee, Davis Coffey, Rheya, Abby",52,257,3311,563,10/27/2021
6/9/2021,HI_3,12:15,8.970000267,27.29999924,31.60000038,50.59999847,1,37.41618,75.72098,Silversides,9.5,1,Macroalgae,"Cora Baird, Kinsey Tedford, David Lee, Davis Coffey, Rheya, Abby",52,257,3310,563,10/27/2021
6/9/2021,HI_3,12:15,8.970000267,27.29999924,31.60000038,50.59999847,1,37.41618,75.72098,Black Sea Bass,10,1,Macroalgae,"Cora Baird, Kinsey Tedford, David Lee, Davis Coffey, Rheya, Abby",52,257,3339,566,10/27/2021
6/9/2021,HI_3,12:15,8.970000267,27.29999924,31.60000038,50.59999847,1,37.41618,75.72098,Silversides,9,1,Macroalgae,"Cora Baird, Kinsey Tedford, David Lee, Davis Coffey, Rheya, Abby",52,257,3309,563,10/27/2021
6/9/2021,HI_3,12:15,8.970000267,27.29999924,31.60000038,50.59999847,1,37.41618,75.72098,Silversides,4,1,Macroalgae,"Cora Baird, Kinsey Tedford, David Lee, Davis Coffey, Rheya, Abby",52,257,3321,563,10/27/2021
6/9/2021,HI_3,12:15,8.970000267,27.29999924,31.60000038,50.59999847,1,37.41618,75.72098,Silversides,4.5,1,Macroalgae,"Cora Baird, Kinsey Tedford, David Lee, Davis Coffey, Rheya, Abby",52,257,3304,563,10/27/2021
6/9/2021,HI_3,12:15,8.970000267,27.29999924,31.60000038,50.59999847,1,37.41618,75.72098,Silversides,8.5,1,Macroalgae,"Cora Baird, Kinsey Tedford, David Lee, Davis Coffey, Rheya, Abby",52,257,3307,563,10/27/2021
6/9/2021,HI_3,12:15,8.970000267,27.29999924,31.60000038,50.59999847,1,37.41618,75.72098,Silversides,8.5,1,Macroalgae,"Cora Baird, Kinsey Tedford, David Lee, Davis Coffey, Rheya, Abby",52,257,3303,563,10/27/2021
6/9/2021,HI_3,12:15,8.970000267,27.29999924,31.60000038,50.59999847,1,37.41618,75.72098,Pipefish,18,1,Macroalgae,"Cora Baird, Kinsey Tedford, David Lee, Davis Coffey, Rheya, Abby",52,257,3323,564,10/27/2021
6/9/2021,HI_3,12:15,8.970000267,27.29999924,31.60000038,50.59999847,1,37.41618,75.72098,Pipefish,15,1,Macroalgae,"Cora Baird, Kinsey Tedford, David Lee, Davis Coffey, Rheya, Abby",52,257,3324,564,10/27/2021
6/9/2021,HI_3,12:15,8.970000267,27.29999924,31.60000038,50.59999847,1,37.41618,75.72098,Pipefish,4,1,Macroalgae,"Cora Baird, Kinsey Tedford, David Lee, Davis Coffey, Rheya, Abby",52,257,3336,564,10/27/2021
6/9/2021,HI_3,12:15,8.970000267,27.29999924,31.60000038,50.59999847,1,37.41618,75.72098,Pipefish,7.5,1,Macroalgae,"Cora Baird, Kinsey Tedford, David Lee, Davis Coffey, Rheya, Abby",52,257,3335,564,10/27/2021
6/9/2021,HI_3,12:15,8.970000267,27.29999924,31.60000038,50.59999847,1,37.41618,75.72098,Pipefish,9,1,Macroalgae,"Cora Baird, Kinsey Tedford, David Lee, Davis Coffey, Rheya, Abby",52,257,3334,564,10/27/2021
6/9/2021,HI_3,12:15,8.970000267,27.29999924,31.60000038,50.59999847,1,37.41618,75.72098,Pipefish,4,1,Macroalgae,"Cora Baird, Kinsey Tedford, David Lee, Davis Coffey, Rheya, Abby",52,257,3333,564,10/27/2021
6/9/2021,HI_3,12:15,8.970000267,27.29999924,31.60000038,50.59999847,1,37.41618,75.72098,Silversides,8,1,Macroalgae,"Cora Baird, Kinsey Tedford, David Lee, Davis Coffey, Rheya, Abby",52,257,3308,563,10/27/2021
6/9/2021,HI_4,11:57,8.81000042,27.29999924,31.60000038,50.5,.85,37.42093,75.72083,Croaker,4,1,Macroalgae,"Cora Baird, Kinsey Tedford, David Lee, Davis Coffey, Rheya, Abby",52,258,3354,569,10/27/2021
6/9/2021,HI_4,11:57,8.81000042,27.29999924,31.60000038,50.5,.85,37.42093,75.72083,Silversides,9.5,1,Macroalgae,"Cora Baird, Kinsey Tedford, David Lee, Davis Coffey, Rheya, Abby",52,258,3344,567,10/27/2021
6/9/2021,HI_4,11:57,8.81000042,27.29999924,31.60000038,50.5,.85,37.42093,75.72083,Pipefish,9,1,Macroalgae,"Cora Baird, Kinsey Tedford, David Lee, Davis Coffey, Rheya, Abby",52,258,3347,568,10/27/2021
6/9/2021,HI_4,11:57,8.81000042,27.29999924,31.60000038,50.5,.85,37.42093,75.72083,Silversides,10,1,Macroalgae,"Cora Baird, Kinsey Tedford, David Lee, Davis Coffey, Rheya, Abby",52,258,3342,567,10/27/2021
6/9/2021,HI_4,11:57,8.81000042,27.29999924,31.60000038,50.5,.85,37.42093,75.72083,Silversides,9,1,Macroalgae,"Cora Baird, Kinsey Tedford, David Lee, Davis Coffey, Rheya, Abby",52,258,3341,567,10/27/2021
6/9/2021,HI_4,11:57,8.81000042,27.29999924,31.60000038,50.5,.85,37.42093,75.72083,Pinfish,4,1,Macroalgae,"Cora Baird, Kinsey Tedford, David Lee, Davis Coffey, Rheya, Abby",52,258,3359,571,10/27/2021
6/9/2021,HI_4,11:57,8.81000042,27.29999924,31.60000038,50.5,.85,37.42093,75.72083,Pinfish,5,1,Macroalgae,"Cora Baird, Kinsey Tedford, David Lee, Davis Coffey, Rheya, Abby",52,258,3358,571,10/27/2021
6/9/2021,HI_4,11:57,8.81000042,27.29999924,31.60000038,50.5,.85,37.42093,75.72083,Silversides,9,1,Macroalgae,"Cora Baird, Kinsey Tedford, David Lee, Davis Coffey, Rheya, Abby",52,258,3343,567,10/27/2021
6/9/2021,HI_4,11:57,8.81000042,27.29999924,31.60000038,50.5,.85,37.42093,75.72083,Silversides,9,1,Macroalgae,"Cora Baird, Kinsey Tedford, David Lee, Davis Coffey, Rheya, Abby",52,258,3340,567,10/27/2021
6/9/2021,HI_4,11:57,8.81000042,27.29999924,31.60000038,50.5,.85,37.42093,75.72083,Pipefish,18,1,Macroalgae,"Cora Baird, Kinsey Tedford, David Lee, Davis Coffey, Rheya, Abby",52,258,3350,568,10/27/2021
6/9/2021,HI_4,11:57,8.81000042,27.29999924,31.60000038,50.5,.85,37.42093,75.72083,Croaker,7,1,Macroalgae,"Cora Baird, Kinsey Tedford, David Lee, Davis Coffey, Rheya, Abby",52,258,3356,569,10/27/2021
6/9/2021,HI_4,11:57,8.81000042,27.29999924,31.60000038,50.5,.85,37.42093,75.72083,Pipefish,20,1,Macroalgae,"Cora Baird, Kinsey Tedford, David Lee, Davis Coffey, Rheya, Abby",52,258,3348,568,10/27/2021
6/9/2021,HI_4,11:57,8.81000042,27.29999924,31.60000038,50.5,.85,37.42093,75.72083,Silversides,11,1,Macroalgae,"Cora Baird, Kinsey Tedford, David Lee, Davis Coffey, Rheya, Abby",52,258,3345,567,10/27/2021
6/9/2021,HI_4,11:57,8.81000042,27.29999924,31.60000038,50.5,.85,37.42093,75.72083,Pipefish,19,1,Macroalgae,"Cora Baird, Kinsey Tedford, David Lee, Davis Coffey, Rheya, Abby",52,258,3346,568,10/27/2021
6/9/2021,HI_4,11:57,8.81000042,27.29999924,31.60000038,50.5,.85,37.42093,75.72083,Croaker,7.5,1,Macroalgae,"Cora Baird, Kinsey Tedford, David Lee, Davis Coffey, Rheya, Abby",52,258,3351,569,10/27/2021
6/9/2021,HI_4,11:57,8.81000042,27.29999924,31.60000038,50.5,.85,37.42093,75.72083,Croaker,4,1,Macroalgae,"Cora Baird, Kinsey Tedford, David Lee, Davis Coffey, Rheya, Abby",52,258,3352,569,10/27/2021
6/9/2021,HI_4,11:57,8.81000042,27.29999924,31.60000038,50.5,.85,37.42093,75.72083,Croaker,9,1,Macroalgae,"Cora Baird, Kinsey Tedford, David Lee, Davis Coffey, Rheya, Abby",52,258,3353,569,10/27/2021
6/9/2021,HI_4,11:57,8.81000042,27.29999924,31.60000038,50.5,.85,37.42093,75.72083,Croaker,8,1,Macroalgae,"Cora Baird, Kinsey Tedford, David Lee, Davis Coffey, Rheya, Abby",52,258,3355,569,10/27/2021
6/9/2021,HI_4,11:57,8.81000042,27.29999924,31.60000038,50.5,.85,37.42093,75.72083,Black Sea Bass,6.5,1,Macroalgae,"Cora Baird, Kinsey Tedford, David Lee, Davis Coffey, Rheya, Abby",52,258,3357,570,10/27/2021
6/9/2021,HI_4,11:57,8.81000042,27.29999924,31.60000038,50.5,.85,37.42093,75.72083,Striped burrfish,13,1,Macroalgae,"Cora Baird, Kinsey Tedford, David Lee, Davis Coffey, Rheya, Abby",52,258,3360,572,10/27/2021
6/9/2021,HI_4,11:57,8.81000042,27.29999924,31.60000038,50.5,.85,37.42093,75.72083,Pipefish,18,1,Macroalgae,"Cora Baird, Kinsey Tedford, David Lee, Davis Coffey, Rheya, Abby",52,258,3349,568,10/27/2021
6/9/2021,HI_5,11:40,9.079999924,27.10000038,31.70000076,50.59999847,.8,37.42565,75.71762,Croaker,6,1,Very little sea grass; Macroalgae; Parasites on croaker,"Cora Baird, Kinsey Tedford, David Lee, Davis Coffey, Rheya, Abby",52,259,3376,575,10/27/2021
6/9/2021,HI_5,11:40,9.079999924,27.10000038,31.70000076,50.59999847,.8,37.42565,75.71762,Silversides,8.5,1,Very little sea grass; Macroalgae; Parasites on croaker,"Cora Baird, Kinsey Tedford, David Lee, Davis Coffey, Rheya, Abby",52,259,3361,573,10/27/2021
6/9/2021,HI_5,11:40,9.079999924,27.10000038,31.70000076,50.59999847,.8,37.42565,75.71762,Croaker,6.5,1,Very little sea grass; Macroalgae; Parasites on croaker,"Cora Baird, Kinsey Tedford, David Lee, Davis Coffey, Rheya, Abby",52,259,3375,575,10/27/2021
6/9/2021,HI_5,11:40,9.079999924,27.10000038,31.70000076,50.59999847,.8,37.42565,75.71762,Croaker,3,1,Very little sea grass; Macroalgae; Parasites on croaker,"Cora Baird, Kinsey Tedford, David Lee, Davis Coffey, Rheya, Abby",52,259,3380,575,10/27/2021
6/9/2021,HI_5,11:40,9.079999924,27.10000038,31.70000076,50.59999847,.8,37.42565,75.71762,Croaker,5,1,Very little sea grass; Macroalgae; Parasites on croaker,"Cora Baird, Kinsey Tedford, David Lee, Davis Coffey, Rheya, Abby",52,259,3377,575,10/27/2021
6/9/2021,HI_5,11:40,9.079999924,27.10000038,31.70000076,50.59999847,.8,37.42565,75.71762,Croaker,5,1,Very little sea grass; Macroalgae; Parasites on croaker,"Cora Baird, Kinsey Tedford, David Lee, Davis Coffey, Rheya, Abby",52,259,3378,575,10/27/2021
6/9/2021,HI_5,11:40,9.079999924,27.10000038,31.70000076,50.59999847,.8,37.42565,75.71762,Croaker,5,1,Very little sea grass; Macroalgae; Parasites on croaker,"Cora Baird, Kinsey Tedford, David Lee, Davis Coffey, Rheya, Abby",52,259,3379,575,10/27/2021
6/9/2021,HI_5,11:40,9.079999924,27.10000038,31.70000076,50.59999847,.8,37.42565,75.71762,Croaker,2.5,1,Very little sea grass; Macroalgae; Parasites on croaker,"Cora Baird, Kinsey Tedford, David Lee, Davis Coffey, Rheya, Abby",52,259,3384,575,10/27/2021
6/9/2021,HI_5,11:40,9.079999924,27.10000038,31.70000076,50.59999847,.8,37.42565,75.71762,Croaker,4.5,1,Very little sea grass; Macroalgae; Parasites on croaker,"Cora Baird, Kinsey Tedford, David Lee, Davis Coffey, Rheya, Abby",52,259,3383,575,10/27/2021
6/9/2021,HI_5,11:40,9.079999924,27.10000038,31.70000076,50.59999847,.8,37.42565,75.71762,Croaker,4,1,Very little sea grass; Macroalgae; Parasites on croaker,"Cora Baird, Kinsey Tedford, David Lee, Davis Coffey, Rheya, Abby",52,259,3382,575,10/27/2021
6/9/2021,HI_5,11:40,9.079999924,27.10000038,31.70000076,50.59999847,.8,37.42565,75.71762,Croaker,5,1,Very little sea grass; Macroalgae; Parasites on croaker,"Cora Baird, Kinsey Tedford, David Lee, Davis Coffey, Rheya, Abby",52,259,3381,575,10/27/2021
6/9/2021,HI_5,11:40,9.079999924,27.10000038,31.70000076,50.59999847,.8,37.42565,75.71762,Croaker,4,1,Very little sea grass; Macroalgae; Parasites on croaker,"Cora Baird, Kinsey Tedford, David Lee, Davis Coffey, Rheya, Abby",52,259,3374,575,10/27/2021
6/9/2021,HI_5,11:40,9.079999924,27.10000038,31.70000076,50.59999847,.8,37.42565,75.71762,Croaker,4.5,1,Very little sea grass; Macroalgae; Parasites on croaker,"Cora Baird, Kinsey Tedford, David Lee, Davis Coffey, Rheya, Abby",52,259,3366,575,10/27/2021
6/9/2021,HI_5,11:40,9.079999924,27.10000038,31.70000076,50.59999847,.8,37.42565,75.71762,Pipefish,19,1,Very little sea grass; Macroalgae; Parasites on croaker,"Cora Baird, Kinsey Tedford, David Lee, Davis Coffey, Rheya, Abby",52,259,3362,574,10/27/2021
6/9/2021,HI_5,11:40,9.079999924,27.10000038,31.70000076,50.59999847,.8,37.42565,75.71762,Pipefish,11,1,Very little sea grass; Macroalgae; Parasites on croaker,"Cora Baird, Kinsey Tedford, David Lee, Davis Coffey, Rheya, Abby",52,259,3363,574,10/27/2021
6/9/2021,HI_5,11:40,9.079999924,27.10000038,31.70000076,50.59999847,.8,37.42565,75.71762,Pinfish,5.5,1,Very little sea grass; Macroalgae; Parasites on croaker,"Cora Baird, Kinsey Tedford, David Lee, Davis Coffey, Rheya, Abby",52,259,3385,576,10/27/2021
6/9/2021,HI_5,11:40,9.079999924,27.10000038,31.70000076,50.59999847,.8,37.42565,75.71762,Pinfish,5,1,Very little sea grass; Macroalgae; Parasites on croaker,"Cora Baird, Kinsey Tedford, David Lee, Davis Coffey, Rheya, Abby",52,259,3386,576,10/27/2021
6/9/2021,HI_5,11:40,9.079999924,27.10000038,31.70000076,50.59999847,.8,37.42565,75.71762,Pinfish,5,1,Very little sea grass; Macroalgae; Parasites on croaker,"Cora Baird, Kinsey Tedford, David Lee, Davis Coffey, Rheya, Abby",52,259,3387,576,10/27/2021
6/9/2021,HI_5,11:40,9.079999924,27.10000038,31.70000076,50.59999847,.8,37.42565,75.71762,Pinfish,5,1,Very little sea grass; Macroalgae; Parasites on croaker,"Cora Baird, Kinsey Tedford, David Lee, Davis Coffey, Rheya, Abby",52,259,3388,576,10/27/2021
6/9/2021,HI_5,11:40,9.079999924,27.10000038,31.70000076,50.59999847,.8,37.42565,75.71762,Croaker,3,1,Very little sea grass; Macroalgae; Parasites on croaker,"Cora Baird, Kinsey Tedford, David Lee, Davis Coffey, Rheya, Abby",52,259,3365,575,10/27/2021
6/9/2021,HI_5,11:40,9.079999924,27.10000038,31.70000076,50.59999847,.8,37.42565,75.71762,Croaker,5,1,Very little sea grass; Macroalgae; Parasites on croaker,"Cora Baird, Kinsey Tedford, David Lee, Davis Coffey, Rheya, Abby",52,259,3373,575,10/27/2021
6/9/2021,HI_5,11:40,9.079999924,27.10000038,31.70000076,50.59999847,.8,37.42565,75.71762,Croaker,5.5,1,Very little sea grass; Macroalgae; Parasites on croaker,"Cora Baird, Kinsey Tedford, David Lee, Davis Coffey, Rheya, Abby",52,259,3367,575,10/27/2021
6/9/2021,HI_5,11:40,9.079999924,27.10000038,31.70000076,50.59999847,.8,37.42565,75.71762,Croaker,3.5,1,Very little sea grass; Macroalgae; Parasites on croaker,"Cora Baird, Kinsey Tedford, David Lee, Davis Coffey, Rheya, Abby",52,259,3368,575,10/27/2021
6/9/2021,HI_5,11:40,9.079999924,27.10000038,31.70000076,50.59999847,.8,37.42565,75.71762,Croaker,4,1,Very little sea grass; Macroalgae; Parasites on croaker,"Cora Baird, Kinsey Tedford, David Lee, Davis Coffey, Rheya, Abby",52,259,3369,575,10/27/2021
6/9/2021,HI_5,11:40,9.079999924,27.10000038,31.70000076,50.59999847,.8,37.42565,75.71762,Croaker,5.5,1,Very little sea grass; Macroalgae; Parasites on croaker,"Cora Baird, Kinsey Tedford, David Lee, Davis Coffey, Rheya, Abby",52,259,3370,575,10/27/2021
6/9/2021,HI_5,11:40,9.079999924,27.10000038,31.70000076,50.59999847,.8,37.42565,75.71762,Croaker,4.5,1,Very little sea grass; Macroalgae; Parasites on croaker,"Cora Baird, Kinsey Tedford, David Lee, Davis Coffey, Rheya, Abby",52,259,3371,575,10/27/2021
6/9/2021,HI_5,11:40,9.079999924,27.10000038,31.70000076,50.59999847,.8,37.42565,75.71762,Croaker,7,1,Very little sea grass; Macroalgae; Parasites on croaker,"Cora Baird, Kinsey Tedford, David Lee, Davis Coffey, Rheya, Abby",52,259,3372,575,10/27/2021
6/9/2021,HI_5,11:40,9.079999924,27.10000038,31.70000076,50.59999847,.8,37.42565,75.71762,Croaker,6.5,1,Very little sea grass; Macroalgae; Parasites on croaker,"Cora Baird, Kinsey Tedford, David Lee, Davis Coffey, Rheya, Abby",52,259,3364,575,10/27/2021
